0 0.1 0.188 0.04 0.048
0 0.226 0.229 0.055 0.055
0 0.172 0.28 0.037 0.036
0 0.1 0.659 0.053 0.047
0 0.036 0.728 0.026 0.042
0 0.079 0.744 0.044 0.077
0 0.094 0.928 0.046 0.03
0 0.074 0.989 0.032 0.021
0 0.177 0.867 0.06 0.234
0 0.228 0.94 0.039 0.042
0 0.239 0.987 0.035 0.023
0 0.3 0.982 0.033 0.023
0 0.163 0.653 0.06 0.087
0 0.237 0.688 0.062 0.086
0 0.175 0.5 0.035 0.035
0 0.226 0.533 0.042 0.074
0 0.357 0.671 0.05 0.051
0 0.397 0.687 0.022 0.034
0 0.428 0.723 0.023 0.026
0 0.625 0.706 0.14 0.245
0 0.37 0.776 0.062 0.042
0 0.309 0.762 0.035 0.037
0 0.609 0.971 0.149 0.059
0 0.546 0.039 0.06 0.078
0 0.379 0.081 0.062 0.055
0 0.467 0.376 0.074 0.072
0 0.382 0.34 0.039 0.045
