0 0.111 0.378 0.128 0.107
0 0.148 0.225 0.121 0.161
0 0.321 0.212 0.09 0.095
0 0.111 0.68 0.1 0.219
0 0.204 0.54 0.063 0.103
0 0.299 0.582 0.109 0.174
0 0.189 0.685 0.047 0.101
0 0.272 0.757 0.065 0.157
0 0.176 0.96 0.041 0.067
0 0.35 0.906 0.083 0.172
0 0.413 0.653 0.109 0.229
0 0.488 0.402 0.106 0.141
0 0.557 0.508 0.03 0.043
0 0.661 0.208 0.076 0.132
0 0.523 0.176 0.031 0.047
0 0.486 0.045 0.037 0.052
0 0.786 0.089 0.061 0.172
0 0.56 0.871 0.055 0.075
0 0.544 0.966 0.062 0.066
0 0.801 0.679 0.043 0.074
0 0.96 0.898 0.081 0.176
0 0.968 0.291 0.057 0.057
