0 0.145 0.707 0.15 0.15
0 0.049 0.502 0.057 0.102
0 0.17 0.503 0.036 0.073
0 0.14 0.436 0.043 0.051
0 0.021 0.225 0.041 0.058
0 0.021 0.021 0.034 0.041
0 0.58 0.108 0.147 0.208
0 0.387 0.14 0.08 0.054
0 0.606 0.384 0.132 0.206
0 0.49 0.356 0.091 0.06
0 0.513 0.625 0.07 0.055
0 0.71 0.642 0.118 0.155
0 0.346 0.76 0.055 0.044
0 0.354 0.898 0.065 0.061
0 0.487 0.946 0.091 0.098
0 0.643 0.886 0.077 0.058
0 0.672 0.964 0.074 0.064
0 0.698 0.03 0.065 0.056
0 0.671 0.108 0.022 0.021
0 0.124 0.179 0.039 0.043
0 0.114 0.329 0.041 0.041
0 0.013 0.741 0.025 0.04
0 0.159 0.843 0.054 0.045
0 0.516 0.526 0.036 0.056
0 0.041 0.988 0.032 0.02
