0 0.057 0.055 0.101 0.11
0 0.146 0.076 0.066 0.073
0 0.249 0.031 0.098 0.061
0 0.029 0.139 0.055 0.071
0 0.134 0.186 0.049 0.092
0 0.232 0.153 0.086 0.069
0 0.057 0.226 0.087 0.072
0 0.061 0.351 0.048 0.076
0 0.115 0.346 0.038 0.119
0 0.05 0.427 0.048 0.056
0 0.117 0.466 0.04 0.062
0 0.041 0.557 0.077 0.058
0 0.038 0.697 0.065 0.071
0 0.033 0.871 0.066 0.25
0 0.256 0.645 0.075 0.109
0 0.226 0.408 0.046 0.045
0 0.167 0.847 0.045 0.049
0 0.423 0.161 0.078 0.06
0 0.593 0.486 0.053 0.086
0 0.496 0.756 0.048 0.036
0 0.61 0.735 0.033 0.037
0 0.623 0.965 0.054 0.048
0 0.593 0.265 0.044 0.052
0 0.326 0.143 0.067 0.069
0 0.337 0.209 0.04 0.038
0 0.341 0.078 0.034 0.042
0 0.444 0.016 0.026 0.029
0 0.458 0.087 0.031 0.043
0 0.51 0.093 0.03 0.06
0 0.559 0.114 0.041 0.054
0 0.425 0.171 0.074 0.053
0 0.188 0.615 0.042 0.031
0 0.093 0.771 0.036 0.027
0 0.119 0.385 0.035 0.049
0 0.25 0.965 0.052 0.047
