0 0.054 0.788 0.052 0.03
0 0.215 0.859 0.072 0.049
0 0.257 0.746 0.063 0.109
0 0.272 0.56 0.049 0.097
0 0.276 0.25 0.094 0.125
0 0.31 0.364 0.057 0.069
0 0.436 0.301 0.044 0.062
0 0.432 0.4 0.042 0.051
0 0.158 0.423 0.05 0.045
0 0.122 0.507 0.053 0.046
0 0.048 0.527 0.042 0.056
0 0.112 0.597 0.056 0.061
0 0.132 0.66 0.082 0.053
0 0.254 0.949 0.078 0.092
0 0.091 0.022 0.05 0.041
0 0.022 0.132 0.026 0.068
0 0.275 0.049 0.04 0.041
0 0.433 0.164 0.036 0.034
0 0.612 0.312 0.062 0.093
0 0.661 0.377 0.053 0.034
0 0.514 0.891 0.067 0.048
0 0.563 0.734 0.059 0.19
0 0.617 0.663 0.035 0.044
0 0.537 0.576 0.058 0.046
0 0.627 0.876 0.034 0.035
0 0.659 0.952 0.046 0.087
0 0.251 0.655 0.055 0.033
0 0.115 0.176 0.036 0.055
