0 0.463 0.467 0.04 0.043
0 0.666 0.385 0.172 0.215
0 0.689 0.06 0.08 0.106
0 0.697 0.177 0.041 0.062
0 0.09 0.07 0.083 0.14
0 0.114 0.235 0.058 0.062
0 0.066 0.319 0.047 0.074
0 0.017 0.489 0.032 0.061
0 0.07 0.569 0.069 0.061
0 0.027 0.817 0.053 0.086
0 0.024 0.942 0.046 0.063
0 0.402 0.882 0.052 0.113
0 0.458 0.821 0.046 0.088
0 0.472 0.914 0.026 0.055
0 0.406 0.976 0.079 0.047
0 0.495 0.979 0.037 0.039
0 0.597 0.967 0.037 0.066
0 0.639 0.946 0.035 0.036
0 0.603 0.037 0.029 0.064
0 0.469 0.708 0.026 0.043
0 0.555 0.714 0.023 0.031
0 0.629 0.731 0.028 0.047
0 0.509 0.567 0.032 0.033
0 0.498 0.612 0.038 0.038
0 0.65 0.816 0.025 0.036
0 0.522 0.314 0.017 0.028
0 0.517 0.248 0.028 0.047
0 0.4 0.188 0.015 0.022
