0 0.052 0.619 0.103 0.111
0 0.033 0.821 0.065 0.086
0 0.345 0.903 0.102 0.078
0 0.442 0.907 0.062 0.09
0 0.726 0.355 0.117 0.119
0 0.638 0.23 0.058 0.105
0 0.664 0.037 0.056 0.069
0 0.621 0.113 0.052 0.042
0 0.697 0.119 0.072 0.101
0 0.359 0.077 0.05 0.039
0 0.376 0.009 0.022 0.018
0 0.344 0.175 0.024 0.036
0 0.301 0.143 0.019 0.021
0 0.374 0.215 0.016 0.021
0 0.353 0.276 0.04 0.024
0 0.354 0.359 0.037 0.037
0 0.394 0.433 0.03 0.026
0 0.342 0.53 0.029 0.022
0 0.348 0.564 0.041 0.025
0 0.333 0.664 0.041 0.039
0 0.374 0.658 0.029 0.031
0 0.423 0.753 0.023 0.051
0 0.472 0.733 0.025 0.045
0 0.396 0.798 0.023 0.018
0 0.335 0.795 0.021 0.013
0 0.591 0.77 0.035 0.051
0 0.655 0.675 0.032 0.051
0 0.615 0.785 0.022 0.046
0 0.127 0.325 0.05 0.055
0 0.078 0.3 0.036 0.049
0 0.025 0.084 0.05 0.027
0 0.103 0.03 0.042 0.054
0 0.041 0.167 0.03 0.026
0 0.104 0.201 0.051 0.044
0 0.67 0.469 0.044 0.017
0 0.677 0.499 0.045 0.031
0 0.629 0.511 0.023 0.026
0 0.593 0.499 0.022 0.02
0 0.691 0.619 0.026 0.047
0 0.604 0.891 0.031 0.035
