0 0.219 0.222 0.032 0.059
0 0.186 0.274 0.049 0.05
0 0.055 0.095 0.09 0.117
0 0.029 0.516 0.056 0.035
0 0.016 0.782 0.025 0.053
0 0.045 0.802 0.02 0.014
0 0.053 0.836 0.035 0.023
0 0.016 0.935 0.028 0.035
0 0.05 0.959 0.019 0.016
0 0.238 0.921 0.04 0.028
0 0.142 0.906 0.03 0.041
0 0.22 0.564 0.043 0.039
0 0.218 0.669 0.048 0.062
0 0.318 0.732 0.081 0.119
0 0.261 0.743 0.024 0.048
0 0.208 0.445 0.066 0.054
0 0.708 0.512 0.052 0.039
0 0.751 0.548 0.018 0.054
0 0.789 0.711 0.095 0.23
0 0.383 0.986 0.024 0.029
0 0.426 0.985 0.037 0.03
0 0.684 0.156 0.036 0.048
0 0.682 0.243 0.032 0.074
0 0.75 0.237 0.061 0.105
0 0.54 0.151 0.074 0.059
0 0.295 0.028 0.06 0.05
0 0.221 0.101 0.046 0.082
0 0.752 0.985 0.057 0.03
