0 0.725 0.698 0.148 0.183
0 0.67 0.89 0.14 0.178
0 0.686 0.437 0.035 0.047
0 0.578 0.273 0.051 0.085
0 0.509 0.398 0.071 0.053
0 0.416 0.821 0.079 0.055
0 0.529 0.751 0.038 0.046
0 0.421 0.161 0.067 0.059
0 0.42 0.114 0.068 0.03
0 0.542 0.17 0.04 0.033
0 0.766 0.05 0.087 0.067
0 0.024 0.901 0.045 0.055
0 0.022 0.822 0.033 0.043
0 0.038 0.682 0.05 0.048
0 0.034 0.608 0.04 0.04
0 0.027 0.455 0.044 0.05
0 0.025 0.165 0.035 0.037
0 0.024 0.26 0.04 0.062
0 0.021 0.065 0.031 0.033
0 0.021 0.113 0.029 0.026
