0 0.505 0.373 0.045 0.054
0 0.127 0.102 0.126 0.145
0 0.065 0.472 0.1 0.105
0 0.167 0.475 0.05 0.094
0 0.551 0.545 0.024 0.031
0 0.57 0.489 0.025 0.029
0 0.486 0.536 0.017 0.021
0 0.637 0.53 0.025 0.014
0 0.678 0.57 0.091 0.062
0 0.688 0.503 0.037 0.055
0 0.722 0.525 0.014 0.034
0 0.646 0.425 0.014 0.012
0 0.66 0.396 0.017 0.019
0 0.51 0.87 0.036 0.052
0 0.594 0.846 0.044 0.059
0 0.64 0.897 0.039 0.053
0 0.58 0.905 0.054 0.038
0 0.565 0.969 0.04 0.057
0 0.536 0.224 0.04 0.059
0 0.606 0.097 0.043 0.081
0 0.644 0.038 0.03 0.054
0 0.614 0.014 0.018 0.023
0 0.579 0.017 0.036 0.032
0 0.538 0.011 0.028 0.022
0 0.429 0.022 0.025 0.043
0 0.38 0.739 0.051 0.055
0 0.053 0.267 0.071 0.032
0 0.112 0.319 0.046 0.033
0 0.013 0.023 0.025 0.045
