0 0.26 0.694 0.037 0.04
0 0.345 0.677 0.035 0.057
0 0.325 0.531 0.021 0.027
0 0.353 0.518 0.031 0.025
0 0.318 0.297 0.011 0.027
0 0.311 0.337 0.02 0.026
0 0.269 0.371 0.033 0.038
0 0.362 0.347 0.034 0.023
0 0.361 0.305 0.033 0.026
0 0.325 0.15 0.027 0.032
0 0.287 0.143 0.021 0.019
0 0.347 0.086 0.042 0.055
0 0.488 0.341 0.045 0.048
0 0.479 0.068 0.034 0.032
0 0.579 0.154 0.027 0.041
0 0.549 0.209 0.04 0.065
0 0.494 0.189 0.021 0.04
0 0.513 0.41 0.057 0.064
0 0.512 0.714 0.05 0.041
0 0.616 0.886 0.034 0.034
0 0.607 0.838 0.022 0.028
0 0.666 0.584 0.068 0.063
0 0.332 0.96 0.017 0.031
0 0.35 0.931 0.022 0.021
0 0.356 0.878 0.026 0.043
0 0.359 0.188 0.033 0.032
0 0.297 0.031 0.022 0.039
