0 0.353 0.499 0.13 0.173
0 0.354 0.295 0.096 0.126
0 0.338 0.08 0.087 0.124
0 0.429 0.166 0.074 0.056
0 0.626 0.616 0.14 0.581
0 0.526 0.708 0.062 0.098
0 0.618 0.098 0.059 0.134
0 0.612 0.276 0.035 0.056
0 0.526 0.277 0.031 0.088
0 0.47 0.312 0.047 0.056
0 0.37 0.38 0.052 0.042
0 0.14 0.423 0.064 0.041
0 0.013 0.964 0.026 0.054
0 0.023 0.669 0.045 0.073
0 0.038 0.454 0.076 0.089
0 0.037 0.149 0.057 0.145
0 0.949 0.585 0.03 0.056
0 0.907 0.59 0.028 0.046
0 0.896 0.702 0.055 0.06
0 0.46 0.976 0.096 0.049
0 0.945 0.956 0.062 0.046
