0 0.398 0.421 0.04 0.045
0 0.533 0.202 0.053 0.093
0 0.646 0.222 0.039 0.043
0 0.389 0.214 0.071 0.067
0 0.391 0.034 0.048 0.061
0 0.127 0.126 0.057 0.047
0 0.644 0.026 0.02 0.052
0 0.671 0.049 0.027 0.045
0 0.025 0.812 0.041 0.057
0 0.108 0.952 0.041 0.038
0 0.151 0.833 0.021 0.025
0 0.13 0.873 0.019 0.019
0 0.186 0.925 0.026 0.021
0 0.136 0.921 0.027 0.016
0 0.353 0.95 0.023 0.027
0 0.5 0.97 0.047 0.053
0 0.394 0.519 0.037 0.023
0 0.413 0.546 0.031 0.021
0 0.647 0.287 0.022 0.031
0 0.634 0.386 0.026 0.031
0 0.374 0.102 0.048 0.045
