0 0.061 0.412 0.029 0.025
0 0.073 0.331 0.046 0.067
0 0.035 0.314 0.029 0.04
0 0.074 0.255 0.039 0.049
0 0.037 0.266 0.016 0.022
0 0.148 0.205 0.059 0.029
0 0.155 0.244 0.023 0.039
0 0.044 0.045 0.08 0.088
0 0.018 0.144 0.031 0.085
0 0.061 0.15 0.042 0.072
0 0.067 0.207 0.029 0.028
0 0.016 0.227 0.029 0.035
0 0.193 0.02 0.064 0.036
0 0.28 0.056 0.043 0.035
0 0.308 0.107 0.081 0.058
0 0.312 0.34 0.048 0.095
0 0.156 0.949 0.027 0.023
0 0.245 0.975 0.082 0.051
0 0.047 0.882 0.047 0.076
0 0.053 0.636 0.043 0.066
0 0.04 0.688 0.038 0.028
0 0.017 0.515 0.031 0.03
0 0.318 0.936 0.02 0.046
0 0.46 0.656 0.035 0.039
0 0.49 0.699 0.044 0.03
0 0.433 0.548 0.038 0.03
0 0.503 0.547 0.033 0.028
0 0.416 0.234 0.027 0.024
0 0.444 0.01 0.024 0.018
0 0.477 0.028 0.024 0.027
0 0.559 0.038 0.091 0.048
0 0.645 0.799 0.068 0.062
0 0.671 0.752 0.035 0.022
0 0.629 0.963 0.051 0.041
