0 0.57 0.142 0.089 0.1
0 0.453 0.061 0.06 0.065
0 0.408 0.015 0.023 0.015
0 0.348 0.103 0.039 0.031
0 0.289 0.125 0.028 0.041
0 0.309 0.185 0.015 0.03
0 0.295 0.28 0.037 0.049
0 0.367 0.319 0.032 0.029
0 0.296 0.513 0.057 0.048
0 0.313 0.562 0.031 0.023
0 0.416 0.514 0.047 0.054
0 0.402 0.67 0.026 0.029
0 0.33 0.834 0.079 0.052
0 0.343 0.764 0.033 0.036
0 0.303 0.687 0.027 0.029
0 0.495 0.845 0.043 0.086
0 0.649 0.3 0.086 0.067
0 0.598 0.382 0.1 0.068
0 0.902 0.345 0.097 0.048
0 0.91 0.431 0.07 0.107
0 0.874 0.171 0.082 0.039
0 0.877 0.25 0.089 0.077
0 0.933 0.13 0.038 0.057
0 0.829 0.061 0.033 0.101
0 0.861 0.037 0.024 0.043
0 0.887 0.5 0.035 0.026
0 0.939 0.527 0.024 0.02
0 0.965 0.587 0.053 0.059
0 0.949 0.861 0.077 0.079
0 0.95 0.699 0.023 0.039
0 0.987 0.741 0.027 0.082
0 0.547 0.538 0.03 0.046
0 0.528 0.373 0.024 0.025
