0 0.586 0.233 0.081 0.213
0 0.675 0.17 0.054 0.076
0 0.678 0.335 0.057 0.06
0 0.648 0.41 0.041 0.043
0 0.608 0.42 0.028 0.028
0 0.495 0.412 0.07 0.108
0 0.387 0.257 0.068 0.18
0 0.504 0.031 0.04 0.04
0 0.519 0.127 0.035 0.041
0 0.236 0.034 0.063 0.062
0 0.22 0.266 0.086 0.207
0 0.235 0.484 0.078 0.047
0 0.216 0.412 0.067 0.065
0 0.403 0.683 0.072 0.058
0 0.375 0.763 0.074 0.08
0 0.243 0.623 0.077 0.093
0 0.23 0.724 0.061 0.074
0 0.23 0.875 0.082 0.182
0 0.389 0.942 0.057 0.055
0 0.454 0.896 0.046 0.038
