0 0.081 0.724 0.102 0.082
0 0.05 0.539 0.099 0.121
0 0.018 0.436 0.035 0.054
0 0.099 0.352 0.162 0.121
0 0.243 0.449 0.087 0.13
0 0.095 0.109 0.188 0.216
0 0.274 0.115 0.157 0.23
0 0.44 0.057 0.142 0.107
0 0.649 0.1 0.111 0.13
0 0.547 0.179 0.078 0.09
0 0.582 0.289 0.063 0.113
0 0.639 0.674 0.123 0.132
0 0.434 0.735 0.033 0.042
0 0.264 0.715 0.03 0.057
0 0.274 0.96 0.07 0.08
0 0.317 0.871 0.043 0.069
0 0.896 0.944 0.157 0.111
0 0.79 0.029 0.11 0.052
0 0.914 0.134 0.056 0.041
0 0.907 0.22 0.106 0.1
0 0.954 0.337 0.091 0.118
0 0.97 0.048 0.06 0.088
0 0.277 0.273 0.077 0.064
0 0.577 0.427 0.061 0.063
0 0.706 0.506 0.088 0.119
0 0.705 0.348 0.052 0.065
0 0.841 0.286 0.024 0.043
0 0.887 0.649 0.084 0.136
0 0.972 0.625 0.051 0.088
0 0.964 0.741 0.054 0.079
