0 0.039 0.018 0.026 0.019
0 0.105 0.163 0.11 0.182
0 0.103 0.353 0.123 0.17
0 0.071 0.519 0.031 0.101
0 0.102 0.48 0.016 0.032
0 0.011 0.549 0.021 0.032
0 0.087 0.593 0.035 0.026
0 0.097 0.649 0.106 0.069
0 0.04 0.77 0.057 0.091
0 0.143 0.804 0.086 0.136
0 0.106 0.94 0.112 0.075
0 0.61 0.726 0.023 0.027
0 0.643 0.764 0.024 0.029
0 0.652 0.916 0.065 0.142
0 0.357 0.811 0.047 0.117
0 0.44 0.035 0.016 0.024
0 0.507 0.081 0.077 0.057
0 0.605 0.086 0.069 0.053
0 0.628 0.013 0.026 0.021
0 0.449 0.126 0.032 0.039
0 0.493 0.612 0.017 0.03
0 0.612 0.233 0.116 0.17
