0 0.24 0.602 0.063 0.076
0 0.057 0.376 0.044 0.056
0 0.271 0.309 0.074 0.103
0 0.267 0.129 0.042 0.093
0 0.045 0.094 0.062 0.05
0 0.051 0.485 0.032 0.045
0 0.045 0.789 0.054 0.062
0 0.015 0.744 0.018 0.021
0 0.176 0.73 0.062 0.082
0 0.176 0.849 0.031 0.058
0 0.233 0.835 0.059 0.07
0 0.228 0.899 0.055 0.03
0 0.155 0.975 0.091 0.045
0 0.251 0.968 0.054 0.059
0 0.61 0.236 0.066 0.055
0 0.587 0.316 0.083 0.093
0 0.535 0.374 0.027 0.024
0 0.592 0.502 0.031 0.033
0 0.409 0.561 0.023 0.034
0 0.485 0.885 0.033 0.053
0 0.615 0.074 0.084 0.147
0 0.491 0.159 0.027 0.026
