0 0.537 0.512 0.066 0.053
0 0.533 0.95 0.027 0.049
0 0.271 0.894 0.03 0.033
0 0.184 0.756 0.032 0.055
0 0.182 0.582 0.039 0.041
0 0.193 0.485 0.024 0.028
0 0.228 0.547 0.037 0.028
0 0.375 0.024 0.059 0.03
0 0.211 0.019 0.039 0.034
0 0.114 0.845 0.046 0.02
0 0.104 0.882 0.031 0.022
0 0.177 0.838 0.026 0.017
0 0.161 0.339 0.03 0.027
0 0.204 0.324 0.031 0.041
0 0.215 0.402 0.038 0.019
0 0.168 0.433 0.022 0.034
0 0.148 0.172 0.057 0.029
0 0.178 0.21 0.044 0.035
0 0.143 0.108 0.028 0.019
0 0.244 0.051 0.017 0.021
0 0.51 0.284 0.062 0.068
0 0.629 0.079 0.025 0.042
0 0.777 0.176 0.06 0.134
0 0.576 0.036 0.025 0.048
