0 0.656 0.439 0.092 0.153
0 0.557 0.6 0.059 0.063
0 0.567 0.738 0.062 0.109
0 0.236 0.271 0.04 0.045
0 0.259 0.317 0.036 0.041
0 0.426 0.222 0.039 0.045
0 0.462 0.233 0.027 0.028
0 0.438 0.098 0.04 0.041
0 0.43 0.059 0.026 0.023
0 0.451 0.016 0.033 0.024
0 0.422 0.578 0.034 0.076
0 0.402 0.772 0.045 0.033
0 0.241 0.78 0.031 0.048
0 0.211 0.795 0.029 0.068
0 0.204 0.742 0.021 0.019
0 0.232 0.862 0.056 0.024
0 0.171 0.858 0.026 0.025
0 0.167 0.987 0.038 0.026
0 0.462 0.931 0.038 0.088
0 0.57 0.945 0.027 0.095
0 0.669 0.019 0.034 0.038
