0 0.053 0.108 0.106 0.215
0 0.156 0.149 0.041 0.056
0 0.4 0.021 0.037 0.041
0 0.516 0.028 0.047 0.053
0 0.641 0.315 0.093 0.102
0 0.579 0.153 0.073 0.068
0 0.545 0.246 0.06 0.071
0 0.484 0.297 0.038 0.038
0 0.395 0.309 0.04 0.069
0 0.474 0.405 0.05 0.063
0 0.166 0.447 0.072 0.084
0 0.406 0.793 0.065 0.112
0 0.127 0.792 0.084 0.205
0 0.029 0.738 0.033 0.034
0 0.032 0.783 0.043 0.033
0 0.057 0.958 0.024 0.042
0 0.112 0.983 0.034 0.033
0 0.55 0.883 0.034 0.036
0 0.596 0.904 0.031 0.033
0 0.622 0.462 0.042 0.067
