0 0.453 0.359 0.043 0.05
0 0.444 0.259 0.042 0.028
0 0.434 0.3 0.025 0.026
0 0.551 0.793 0.029 0.021
0 0.553 0.828 0.033 0.021
0 0.442 0.875 0.028 0.026
0 0.441 0.914 0.023 0.015
0 0.449 0.934 0.025 0.012
0 0.45 0.966 0.031 0.022
0 0.436 0.765 0.026 0.028
0 0.55 0.718 0.077 0.06
0 0.467 0.72 0.034 0.016
0 0.443 0.494 0.057 0.039
0 0.452 0.452 0.031 0.027
0 0.629 0.477 0.031 0.035
0 0.56 0.471 0.044 0.019
0 0.578 0.139 0.048 0.042
0 0.69 0.156 0.031 0.041
0 0.611 0.312 0.031 0.021
0 0.714 0.893 0.029 0.039
0 0.618 0.895 0.02 0.033
