0 0.025 0.195 0.042 0.038
0 0.034 0.264 0.048 0.067
0 0.025 0.37 0.049 0.095
0 0.272 0.185 0.127 0.121
0 0.245 0.318 0.059 0.099
0 0.375 0.291 0.076 0.099
0 0.312 0.436 0.042 0.038
0 0.25 0.454 0.037 0.04
0 0.303 0.499 0.042 0.044
0 0.241 0.546 0.065 0.049
0 0.271 0.632 0.066 0.078
0 0.267 0.717 0.053 0.039
0 0.011 0.584 0.016 0.029
0 0.009 0.638 0.017 0.028
0 0.019 0.672 0.026 0.023
0 0.013 0.715 0.021 0.022
0 0.01 0.783 0.017 0.029
0 0.384 0.828 0.047 0.043
0 0.253 0.818 0.05 0.041
0 0.288 0.924 0.042 0.031
0 0.528 0.654 0.041 0.049
0 0.442 0.061 0.055 0.098
0 0.51 0.055 0.036 0.068
0 0.386 0.115 0.046 0.113
0 0.298 0.022 0.083 0.035
0 0.243 0.07 0.047 0.029
0 0.475 0.27 0.077 0.049
0 0.492 0.317 0.051 0.036
0 0.445 0.393 0.069 0.084
0 0.425 0.701 0.026 0.027
0 0.498 0.792 0.043 0.03
0 0.69 0.757 0.05 0.081
0 0.768 0.769 0.059 0.058
0 0.713 0.67 0.085 0.06
0 0.747 0.921 0.032 0.057
0 0.787 0.899 0.039 0.043
0 0.849 0.267 0.054 0.111
0 0.98 0.168 0.04 0.081
0 0.701 0.344 0.045 0.075
0 0.705 0.106 0.069 0.097
