0 0.302 0.934 0.035 0.072
0 0.096 0.976 0.04 0.048
0 0.094 0.838 0.043 0.066
0 0.088 0.667 0.038 0.05
0 0.093 0.724 0.045 0.046
0 0.146 0.635 0.034 0.045
0 0.109 0.161 0.038 0.028
0 0.099 0.123 0.016 0.019
0 0.138 0.021 0.045 0.039
0 0.272 0.02 0.033 0.028
0 0.234 0.171 0.038 0.033
0 0.284 0.379 0.067 0.045
0 0.226 0.564 0.036 0.054
0 0.295 0.653 0.024 0.021
0 0.745 0.431 0.042 0.061
0 0.523 0.912 0.066 0.077
0 0.525 0.774 0.036 0.037
0 0.64 0.789 0.044 0.075
0 0.564 0.689 0.036 0.039
0 0.491 0.425 0.046 0.062
0 0.801 0.768 0.023 0.037
0 0.749 0.525 0.038 0.051
0 0.674 0.018 0.024 0.035
0 0.583 0.032 0.025 0.058
0 0.154 0.411 0.027 0.028
0 0.112 0.425 0.029 0.023
0 0.244 0.955 0.021 0.038
