0 0.507 0.951 0.058 0.087
0 0.561 0.938 0.033 0.061
0 0.662 0.893 0.044 0.064
0 0.591 0.906 0.022 0.044
0 0.516 0.713 0.048 0.056
0 0.583 0.748 0.05 0.038
0 0.561 0.503 0.053 0.046
0 0.468 0.598 0.057 0.039
0 0.46 0.536 0.049 0.039
0 0.634 0.191 0.052 0.048
0 0.548 0.076 0.053 0.082
0 0.628 0.116 0.057 0.04
0 0.509 0.141 0.082 0.041
0 0.516 0.205 0.027 0.045
0 0.563 0.208 0.035 0.044
0 0.576 0.308 0.029 0.023
0 0.475 0.27 0.015 0.025
0 0.682 0.624 0.037 0.037
0 0.107 0.825 0.022 0.022
0 0.115 0.342 0.026 0.028
