0 0.47 0.059 0.939 0.118
0 0.031 0.191 0.062 0.151
0 0.198 0.219 0.235 0.196
0 0.399 0.167 0.125 0.094
0 0.585 0.167 0.048 0.06
0 0.681 0.197 0.086 0.072
0 0.795 0.162 0.082 0.085
0 0.807 0.251 0.065 0.028
0 0.813 0.321 0.04 0.038
0 0.608 0.24 0.062 0.071
0 0.644 0.312 0.079 0.067
0 0.478 0.374 0.221 0.084
0 0.168 0.602 0.09 0.283
0 0.047 0.701 0.035 0.075
0 0.09 0.643 0.05 0.062
0 0.104 0.34 0.054 0.038
0 0.564 0.608 0.084 0.083
0 0.691 0.675 0.118 0.162
0 0.778 0.703 0.037 0.077
0 0.614 0.821 0.032 0.056
0 0.669 0.832 0.028 0.045
0 0.471 0.916 0.132 0.128
0 0.211 0.889 0.073 0.22
0 0.729 0.496 0.096 0.121
0 0.923 0.574 0.052 0.048
0 0.851 0.908 0.081 0.106
