0 0.673 0.123 0.125 0.195
0 0.963 0.071 0.069 0.13
0 0.646 0.55 0.129 0.101
0 0.686 0.751 0.101 0.207
0 0.277 0.719 0.055 0.106
0 0.255 0.879 0.121 0.197
0 0.187 0.075 0.076 0.092
0 0.546 0.044 0.081 0.073
0 0.186 0.153 0.027 0.03
0 0.175 0.216 0.08 0.084
0 0.152 0.304 0.033 0.044
0 0.188 0.271 0.022 0.038
0 0.157 0.373 0.054 0.053
0 0.163 0.432 0.032 0.041
0 0.158 0.508 0.041 0.023
0 0.14 0.562 0.05 0.064
0 0.146 0.667 0.045 0.111
0 0.14 0.825 0.042 0.168
0 0.132 0.942 0.033 0.053
0 0.145 0.991 0.02 0.018
0 0.395 0.977 0.05 0.046
0 0.312 0.579 0.03 0.023
0 0.329 0.216 0.04 0.043
0 0.329 0.348 0.031 0.034
0 0.312 0.394 0.034 0.03
0 0.924 0.225 0.053 0.131
0 0.99 0.355 0.021 0.067
