0 0.409 0.71 0.069 0.053
0 0.447 0.773 0.046 0.036
0 0.402 0.233 0.06 0.056
0 0.626 0.156 0.047 0.049
0 0.501 0.055 0.054 0.055
0 0.411 0.014 0.038 0.024
0 0.216 0.378 0.056 0.065
0 0.207 0.483 0.055 0.082
0 0.204 0.678 0.041 0.04
0 0.234 0.775 0.042 0.06
0 0.262 0.92 0.051 0.054
0 0.2 0.947 0.042 0.068
0 0.08 0.86 0.048 0.034
0 0.102 0.613 0.043 0.074
0 0.084 0.257 0.038 0.055
0 0.09 0.103 0.026 0.029
0 0.471 0.949 0.029 0.04
0 0.521 0.965 0.023 0.021
0 0.22 0.173 0.043 0.048
0 0.062 0.525 0.039 0.037
