0 0.27 0.196 0.126 0.38
0 0.161 0.03 0.05 0.055
0 0.15 0.244 0.069 0.118
0 0.187 0.357 0.045 0.086
0 0.169 0.556 0.052 0.083
0 0.235 0.515 0.057 0.091
0 0.121 0.569 0.039 0.041
0 0.046 0.448 0.047 0.067
0 0.023 0.225 0.028 0.044
0 0.035 0.328 0.052 0.055
0 0.607 0.261 0.095 0.1
0 0.734 0.372 0.134 0.172
0 0.656 0.189 0.055 0.071
0 0.77 0.113 0.028 0.048
0 0.456 0.785 0.057 0.057
0 0.456 0.934 0.055 0.044
0 0.405 0.971 0.037 0.05
0 0.472 0.988 0.034 0.023
0 0.642 0.076 0.025 0.05
0 0.588 0.014 0.021 0.026
0 0.602 0.52 0.045 0.041
0 0.68 0.602 0.037 0.038
0 0.602 0.611 0.027 0.032
0 0.749 0.608 0.026 0.029
0 0.048 0.735 0.041 0.032
0 0.16 0.716 0.03 0.021
0 0.125 0.771 0.05 0.046
0 0.172 0.786 0.024 0.036
0 0.212 0.769 0.031 0.035
0 0.271 0.76 0.04 0.134
0 0.085 0.864 0.041 0.043
0 0.177 0.913 0.041 0.078
0 0.146 0.976 0.058 0.048
0 0.67 0.975 0.039 0.041
0 0.731 0.983 0.031 0.033
0 0.415 0.2 0.045 0.035
