0 0.674 0.587 0.074 0.135
0 0.691 0.477 0.072 0.059
0 0.592 0.502 0.037 0.028
0 0.667 0.745 0.111 0.116
0 0.648 0.863 0.125 0.102
0 0.662 0.973 0.089 0.052
0 0.591 0.974 0.047 0.041
0 0.401 0.759 0.045 0.05
0 0.385 0.922 0.052 0.086
0 0.157 0.934 0.09 0.095
0 0.021 0.93 0.035 0.077
0 0.046 0.844 0.054 0.03
0 0.042 0.779 0.055 0.04
0 0.137 0.837 0.036 0.039
0 0.204 0.701 0.046 0.028
0 0.068 0.67 0.041 0.039
0 0.165 0.312 0.064 0.04
0 0.251 0.351 0.032 0.023
0 0.245 0.397 0.036 0.04
0 0.402 0.353 0.088 0.076
0 0.412 0.436 0.069 0.053
0 0.608 0.205 0.076 0.086
0 0.559 0.057 0.064 0.094
0 0.516 0.096 0.027 0.046
0 0.719 0.109 0.031 0.029
0 0.669 0.118 0.021 0.026
0 0.691 0.156 0.017 0.026
0 0.715 0.278 0.032 0.044
0 0.692 0.316 0.033 0.032
0 0.188 0.164 0.042 0.047
0 0.057 0.213 0.045 0.034
0 0.012 0.209 0.018 0.032
0 0.181 0.569 0.034 0.042
0 0.545 0.481 0.029 0.046
0 0.473 0.288 0.021 0.028
0 0.443 0.712 0.035 0.021
0 0.511 0.73 0.034 0.031
