0 0.025 0.036 0.049 0.071
0 0.219 0.036 0.055 0.069
0 0.318 0.014 0.036 0.023
0 0.341 0.052 0.035 0.029
0 0.427 0.031 0.045 0.061
0 0.516 0.066 0.081 0.045
0 0.532 0.21 0.05 0.103
0 0.493 0.481 0.074 0.045
0 0.501 0.388 0.083 0.074
0 0.238 0.625 0.071 0.064
0 0.207 0.984 0.041 0.032
0 0.154 0.85 0.04 0.034
0 0.211 0.512 0.028 0.04
0 0.181 0.175 0.059 0.079
0 0.236 0.186 0.037 0.057
0 0.239 0.113 0.046 0.055
0 0.194 0.274 0.086 0.087
0 0.37 0.58 0.05 0.044
0 0.499 0.728 0.029 0.05
0 0.555 0.757 0.055 0.035
0 0.609 0.873 0.042 0.046
0 0.528 0.904 0.024 0.023
