0 0.424 0.058 0.068 0.109
0 0.485 0.117 0.045 0.045
0 0.632 0.121 0.055 0.09
0 0.45 0.321 0.044 0.081
0 0.388 0.336 0.043 0.036
0 0.227 0.385 0.053 0.049
0 0.177 0.263 0.029 0.05
0 0.035 0.308 0.052 0.067
0 0.056 0.425 0.021 0.019
0 0.094 0.505 0.026 0.026
0 0.081 0.704 0.032 0.035
0 0.08 0.776 0.027 0.032
0 0.091 0.742 0.025 0.014
0 0.053 0.941 0.033 0.018
0 0.046 0.978 0.024 0.012
0 0.239 0.879 0.041 0.026
0 0.23 0.943 0.06 0.035
0 0.253 0.977 0.033 0.016
0 0.225 0.688 0.035 0.029
0 0.505 0.894 0.098 0.106
0 0.575 0.714 0.098 0.063
0 0.525 0.593 0.047 0.076
0 0.443 0.946 0.022 0.027
0 0.548 0.974 0.051 0.027
0 0.386 0.709 0.036 0.045
0 0.227 0.819 0.033 0.028
0 0.174 0.99 0.037 0.02
0 0.496 0.232 0.036 0.05
