0 0.459 0.419 0.05 0.068
0 0.554 0.422 0.057 0.052
0 0.685 0.834 0.065 0.094
0 0.25 0.831 0.07 0.077
0 0.065 0.714 0.039 0.077
0 0.256 0.627 0.042 0.031
0 0.277 0.727 0.064 0.053
0 0.037 0.805 0.023 0.055
0 0.04 0.284 0.02 0.044
0 0.086 0.382 0.053 0.119
0 0.15 0.351 0.02 0.042
0 0.153 0.242 0.06 0.068
0 0.163 0.158 0.034 0.053
0 0.099 0.125 0.037 0.065
0 0.018 0.216 0.029 0.055
0 0.155 0.043 0.027 0.037
0 0.234 0.063 0.029 0.058
0 0.26 0.166 0.038 0.048
0 0.301 0.204 0.054 0.092
0 0.472 0.145 0.039 0.058
0 0.26 0.468 0.029 0.046
0 0.238 0.934 0.041 0.064
0 0.293 0.95 0.036 0.031
0 0.342 0.96 0.037 0.032
0 0.479 0.298 0.025 0.034
