0 0.851 0.691 0.074 0.038
0 0.881 0.815 0.047 0.083
0 0.811 0.896 0.053 0.068
0 0.881 0.921 0.062 0.047
0 0.846 0.956 0.019 0.025
0 0.991 0.959 0.012 0.05
0 0.756 0.272 0.028 0.072
0 0.83 0.392 0.047 0.073
0 0.971 0.196 0.035 0.064
0 0.863 0.065 0.051 0.065
0 0.609 0.112 0.061 0.102
0 0.402 0.513 0.055 0.043
0 0.505 0.484 0.03 0.023
0 0.57 0.505 0.045 0.054
0 0.571 0.724 0.036 0.028
0 0.577 0.647 0.038 0.026
0 0.537 0.853 0.062 0.046
0 0.549 0.906 0.047 0.024
0 0.48 0.856 0.027 0.025
0 0.499 0.901 0.037 0.031
0 0.454 0.929 0.039 0.029
0 0.534 0.963 0.038 0.028
0 0.401 0.86 0.026 0.026
0 0.512 0.6 0.04 0.018
0 0.379 0.058 0.023 0.027
0 0.383 0.143 0.025 0.026
0 0.814 0.785 0.062 0.038
0 0.765 0.113 0.038 0.062
