0 0.095 0.746 0.031 0.067
0 0.112 0.818 0.03 0.034
0 0.124 0.956 0.038 0.034
0 0.243 0.856 0.073 0.061
0 0.257 0.713 0.032 0.057
0 0.233 0.968 0.076 0.049
0 0.432 0.938 0.044 0.044
0 0.562 0.898 0.064 0.047
0 0.553 0.958 0.05 0.049
0 0.695 0.934 0.058 0.115
0 0.642 0.839 0.044 0.064
0 0.586 0.832 0.046 0.048
0 0.449 0.603 0.043 0.037
0 0.518 0.599 0.056 0.06
0 0.479 0.637 0.028 0.023
0 0.522 0.385 0.077 0.081
0 0.595 0.441 0.052 0.037
0 0.636 0.547 0.085 0.063
0 0.681 0.204 0.132 0.117
0 0.466 0.106 0.063 0.077
0 0.271 0.171 0.053 0.118
0 0.145 0.162 0.039 0.062
0 0.123 0.031 0.026 0.037
0 0.27 0.394 0.037 0.034
0 0.265 0.433 0.026 0.025
0 0.26 0.482 0.033 0.03
0 0.111 0.507 0.062 0.045
0 0.258 0.653 0.035 0.029
0 0.458 0.856 0.034 0.05
0 0.498 0.174 0.026 0.039
