0 0.408 0.562 0.111 0.26
0 0.719 0.262 0.067 0.229
0 0.706 0.549 0.05 0.11
0 0.378 0.879 0.067 0.046
0 0.443 0.856 0.04 0.117
0 0.295 0.812 0.076 0.107
0 0.215 0.87 0.057 0.067
0 0.195 0.947 0.043 0.054
0 0.222 0.251 0.035 0.057
0 0.305 0.311 0.086 0.128
0 0.233 0.053 0.063 0.101
0 0.046 0.207 0.069 0.05
0 0.031 0.476 0.041 0.03
0 0.047 0.524 0.034 0.032
0 0.031 0.634 0.061 0.036
0 0.024 0.789 0.027 0.022
0 0.143 0.886 0.031 0.032
0 0.018 0.934 0.031 0.015
0 0.012 0.964 0.023 0.013
0 0.227 0.562 0.052 0.066
0 0.216 0.623 0.037 0.023
0 0.519 0.272 0.053 0.095
