0 0.522 0.286 0.022 0.036
0 0.537 0.369 0.034 0.057
0 0.857 0.761 0.026 0.043
0 0.815 0.719 0.033 0.031
0 0.815 0.896 0.041 0.058
0 0.694 0.939 0.067 0.091
0 0.73 0.881 0.031 0.023
0 0.966 0.803 0.014 0.024
0 0.923 0.528 0.018 0.023
0 0.464 0.957 0.043 0.023
0 0.358 0.884 0.021 0.03
0 0.365 0.855 0.03 0.015
0 0.066 0.897 0.02 0.015
0 0.168 0.902 0.029 0.036
0 0.178 0.973 0.047 0.016
0 0.107 0.987 0.04 0.012
0 0.017 0.98 0.028 0.023
0 0.147 0.599 0.019 0.024
0 0.192 0.697 0.031 0.062
0 0.141 0.074 0.028 0.044
0 0.205 0.09 0.02 0.027
0 0.133 0.293 0.035 0.051
0 0.119 0.404 0.03 0.027
0 0.155 0.462 0.031 0.036
0 0.038 0.481 0.058 0.071
0 0.03 0.573 0.023 0.023
0 0.459 0.276 0.014 0.015
0 0.747 0.392 0.033 0.039
0 0.556 0.936 0.021 0.026
0 0.579 0.927 0.017 0.032
0 0.539 0.982 0.028 0.022
