0 0.426 0.269 0.057 0.063
0 0.429 0.21 0.024 0.026
0 0.35 0.648 0.025 0.027
0 0.327 0.716 0.061 0.066
0 0.392 0.705 0.026 0.038
0 0.321 0.832 0.044 0.037
0 0.316 0.938 0.039 0.033
0 0.388 0.965 0.022 0.022
0 0.338 0.974 0.042 0.03
0 0.629 0.763 0.027 0.031
0 0.65 0.866 0.022 0.031
0 0.639 0.495 0.035 0.061
0 0.56 0.552 0.021 0.035
0 0.371 0.457 0.036 0.044
0 0.376 0.401 0.032 0.035
0 0.333 0.386 0.02 0.026
0 0.445 0.478 0.037 0.075
0 0.418 0.615 0.025 0.038
0 0.602 0.689 0.015 0.024
0 0.533 0.645 0.026 0.024
0 0.953 0.735 0.049 0.057
0 0.894 0.631 0.023 0.029
0 0.807 0.769 0.023 0.033
0 0.879 0.738 0.029 0.027
0 0.879 0.813 0.025 0.029
0 0.91 0.886 0.025 0.016
0 0.901 0.927 0.025 0.029
0 0.993 0.927 0.014 0.029
0 0.835 0.89 0.03 0.023
0 0.906 0.683 0.057 0.038
0 0.942 0.342 0.026 0.031
0 0.824 0.348 0.044 0.046
0 0.884 0.447 0.071 0.065
0 0.634 0.316 0.028 0.034
0 0.638 0.364 0.033 0.033
0 0.623 0.921 0.011 0.025
0 0.616 0.987 0.02 0.023
