0 0.023 0.284 0.046 0.234
0 0.094 0.229 0.073 0.093
0 0.04 0.061 0.08 0.087
0 0.613 0.307 0.098 0.162
0 0.805 0.214 0.063 0.106
0 0.333 0.582 0.084 0.085
0 0.42 0.617 0.053 0.094
0 0.552 0.644 0.107 0.119
0 0.566 0.78 0.059 0.045
0 0.634 0.817 0.056 0.078
0 0.535 0.877 0.067 0.08
0 0.047 0.917 0.054 0.084
0 0.118 0.898 0.068 0.088
0 0.043 0.569 0.06 0.093
0 0.059 0.726 0.058 0.074
0 0.452 0.402 0.1 0.047
0 0.609 0.427 0.065 0.059
0 0.533 0.448 0.047 0.055
0 0.894 0.44 0.052 0.06
0 0.918 0.521 0.092 0.069
