0 0.537 0.628 0.058 0.041
0 0.532 0.589 0.023 0.018
0 0.547 0.551 0.026 0.031
0 0.475 0.492 0.018 0.018
0 0.556 0.364 0.04 0.04
0 0.546 0.278 0.02 0.019
0 0.542 0.805 0.045 0.035
0 0.526 0.769 0.02 0.01
0 0.434 0.79 0.019 0.02
0 0.448 0.867 0.024 0.02
0 0.514 0.892 0.031 0.024
0 0.598 0.862 0.022 0.026
0 0.603 0.675 0.02 0.019
0 0.541 0.742 0.014 0.017
0 0.512 0.742 0.016 0.017
0 0.252 0.585 0.028 0.039
0 0.193 0.61 0.025 0.025
0 0.196 0.648 0.021 0.019
0 0.186 0.725 0.018 0.018
0 0.2 0.859 0.021 0.042
0 0.23 0.839 0.023 0.019
0 0.21 0.823 0.013 0.012
0 0.206 0.112 0.016 0.018
0 0.43 0.041 0.046 0.063
0 0.226 0.417 0.056 0.044
