0 0.15 0.655 0.034 0.03
0 0.204 0.637 0.049 0.078
0 0.179 0.521 0.067 0.089
0 0.215 0.327 0.071 0.126
0 0.146 0.285 0.034 0.037
0 0.134 0.338 0.033 0.049
0 0.182 0.425 0.065 0.043
0 0.413 0.53 0.08 0.04
0 0.014 0.841 0.027 0.073
0 0.009 0.91 0.017 0.016
0 0.036 0.924 0.029 0.047
0 0.019 0.986 0.025 0.026
0 0.039 0.595 0.032 0.043
0 0.012 0.65 0.023 0.024
0 0.007 0.521 0.013 0.035
0 0.047 0.289 0.037 0.04
0 0.041 0.249 0.024 0.023
0 0.013 0.06 0.025 0.054
0 0.162 0.047 0.029 0.029
0 0.116 0.082 0.026 0.048
0 0.263 0.053 0.052 0.077
0 0.224 0.178 0.049 0.07
0 0.217 0.128 0.029 0.022
0 0.169 0.464 0.027 0.024
0 0.122 0.461 0.029 0.027
0 0.447 0.755 0.064 0.118
0 0.535 0.756 0.097 0.159
0 0.511 0.577 0.078 0.04
0 0.528 0.233 0.027 0.043
0 0.754 0.175 0.035 0.036
