0 0.021 0.363 0.038 0.097
0 0.088 0.31 0.036 0.081
0 0.138 0.367 0.042 0.069
0 0.018 0.456 0.032 0.038
0 0.055 0.427 0.025 0.037
0 0.094 0.401 0.042 0.037
0 0.078 0.459 0.018 0.043
0 0.104 0.47 0.034 0.071
0 0.149 0.653 0.03 0.047
0 0.196 0.603 0.047 0.13
0 0.022 0.731 0.029 0.028
0 0.16 0.82 0.056 0.104
0 0.016 0.925 0.022 0.019
0 0.238 0.789 0.066 0.14
0 0.238 0.883 0.026 0.044
0 0.234 0.961 0.094 0.07
0 0.312 0.874 0.064 0.211
0 0.359 0.886 0.021 0.041
0 0.354 0.938 0.016 0.022
0 0.273 0.584 0.051 0.236
0 0.32 0.403 0.064 0.399
0 0.34 0.685 0.061 0.155
0 0.322 0.072 0.084 0.144
0 0.53 0.056 0.275 0.108
0 0.442 0.221 0.093 0.183
0 0.433 0.381 0.113 0.128
0 0.4 0.487 0.062 0.078
0 0.467 0.471 0.036 0.045
0 0.41 0.557 0.053 0.041
0 0.424 0.617 0.071 0.067
0 0.42 0.712 0.07 0.082
0 0.486 0.979 0.057 0.043
0 0.571 0.834 0.062 0.067
0 0.756 0.939 0.137 0.116
0 0.731 0.455 0.053 0.046
0 0.839 0.528 0.098 0.143
0 0.773 0.228 0.209 0.224
