0 0.091 0.392 0.112 0.159
0 0.037 0.066 0.074 0.132
0 0.221 0.039 0.206 0.075
0 0.289 0.155 0.059 0.144
0 0.579 0.116 0.053 0.226
0 0.634 0.018 0.046 0.035
0 0.822 0.045 0.146 0.086
0 0.827 0.368 0.024 0.037
0 0.971 0.416 0.057 0.131
0 0.467 0.416 0.112 0.17
0 0.633 0.405 0.08 0.104
0 0.419 0.565 0.107 0.102
0 0.517 0.736 0.065 0.095
0 0.452 0.88 0.124 0.183
0 0.611 0.786 0.107 0.172
0 0.583 0.931 0.051 0.072
0 0.727 0.867 0.113 0.241
0 0.81 0.61 0.116 0.142
0 0.875 0.724 0.041 0.043
0 0.226 0.91 0.05 0.18
0 0.171 0.972 0.033 0.056
