0 0.385 0.722 0.032 0.042
0 0.445 0.853 0.055 0.049
0 0.539 0.822 0.044 0.051
0 0.582 0.811 0.023 0.065
0 0.633 0.869 0.064 0.064
0 0.69 0.833 0.052 0.109
0 0.724 0.965 0.127 0.07
0 0.601 0.929 0.05 0.037
0 0.65 0.974 0.026 0.048
0 0.052 0.929 0.104 0.107
0 0.618 0.554 0.03 0.038
0 0.619 0.605 0.034 0.036
0 0.877 0.591 0.048 0.091
0 0.948 0.632 0.055 0.042
0 0.96 0.693 0.08 0.065
0 0.01 0.487 0.019 0.052
0 0.012 0.542 0.024 0.025
0 0.009 0.014 0.017 0.027
0 0.008 0.744 0.016 0.055
0 0.618 0.161 0.027 0.041
