0 0.304 0.08 0.096 0.115
0 0.429 0.071 0.04 0.029
0 0.594 0.09 0.052 0.151
0 0.578 0.466 0.028 0.019
0 0.591 0.508 0.058 0.038
0 0.616 0.65 0.065 0.132
0 0.544 0.789 0.1 0.063
0 0.638 0.802 0.055 0.066
0 0.574 0.877 0.15 0.057
0 0.6 0.959 0.089 0.083
0 0.908 0.06 0.092 0.115
0 0.874 0.242 0.134 0.143
0 0.946 0.46 0.05 0.108
0 0.082 0.693 0.066 0.071
0 0.156 0.673 0.058 0.057
0 0.036 0.478 0.072 0.193
0 0.162 0.478 0.095 0.152
0 0.13 0.263 0.116 0.13
0 0.04 0.148 0.054 0.071
0 0.092 0.429 0.025 0.046
0 0.58 0.408 0.04 0.057
0 0.575 0.336 0.027 0.035
0 0.509 0.103 0.031 0.032
0 0.549 0.147 0.023 0.03
