0 0.047 0.271 0.053 0.121
0 0.11 0.25 0.061 0.162
0 0.181 0.042 0.07 0.078
0 0.259 0.25 0.086 0.106
0 0.051 0.413 0.102 0.121
0 0.055 0.718 0.104 0.207
0 0.128 0.72 0.036 0.089
0 0.202 0.808 0.067 0.177
0 0.283 0.916 0.072 0.1
0 0.142 0.577 0.059 0.096
0 0.234 0.616 0.11 0.166
0 0.43 0.44 0.103 0.144
0 0.495 0.548 0.034 0.046
0 0.352 0.691 0.116 0.236
0 0.494 0.923 0.059 0.077
0 0.744 0.724 0.045 0.087
0 0.465 0.208 0.034 0.045
0 0.433 0.064 0.039 0.072
0 0.605 0.242 0.085 0.135
0 0.729 0.124 0.064 0.187
0 0.915 0.331 0.066 0.069
0 0.924 0.925 0.142 0.151
