0 0.343 0.467 0.039 0.035
0 0.356 0.835 0.046 0.024
0 0.362 0.937 0.06 0.046
0 0.146 0.804 0.061 0.049
0 0.023 0.805 0.023 0.031
0 0.391 0.316 0.032 0.035
0 0.476 0.424 0.049 0.092
0 0.636 0.448 0.04 0.032
0 0.567 0.443 0.025 0.04
0 0.616 0.517 0.04 0.045
0 0.711 0.458 0.048 0.054
0 0.691 0.51 0.038 0.032
0 0.729 0.503 0.023 0.025
0 0.694 0.331 0.039 0.057
0 0.707 0.173 0.02 0.024
0 0.694 0.057 0.008 0.02
0 0.735 0.097 0.061 0.108
0 0.569 0.963 0.026 0.04
0 0.549 0.882 0.027 0.03
0 0.636 0.716 0.056 0.052
0 0.386 0.145 0.033 0.035
0 0.399 0.015 0.033 0.028
0 0.517 0.081 0.026 0.061
0 0.581 0.073 0.024 0.034
