0 0.17 0.627 0.108 0.114
0 0.413 0.558 0.07 0.073
0 0.603 0.464 0.072 0.121
0 0.499 0.426 0.048 0.043
0 0.433 0.424 0.038 0.062
0 0.458 0.21 0.069 0.096
0 0.535 0.228 0.063 0.1
0 0.462 0.879 0.05 0.072
0 0.567 0.952 0.118 0.088
0 0.62 0.86 0.052 0.063
0 0.609 0.727 0.053 0.122
0 0.678 0.772 0.042 0.085
0 0.723 0.959 0.086 0.083
0 0.565 0.771 0.021 0.028
0 0.182 0.856 0.086 0.07
0 0.096 0.816 0.047 0.087
0 0.022 0.551 0.032 0.059
0 0.124 0.386 0.063 0.066
0 0.035 0.312 0.032 0.045
0 0.57 0.022 0.029 0.042
