0 0.19 0.403 0.069 0.047
0 0.228 0.477 0.045 0.065
0 0.193 0.79 0.072 0.066
0 0.22 0.9 0.038 0.104
0 0.17 0.888 0.045 0.055
0 0.188 0.978 0.041 0.045
0 0.221 0.731 0.052 0.043
0 0.189 0.542 0.045 0.042
0 0.179 0.204 0.046 0.021
0 0.249 0.032 0.037 0.028
0 0.256 0.076 0.036 0.036
0 0.021 0.374 0.023 0.026
0 0.426 0.065 0.055 0.061
0 0.496 0.197 0.066 0.152
0 0.404 0.246 0.034 0.044
0 0.518 0.335 0.157 0.111
0 0.488 0.525 0.062 0.029
0 0.569 0.492 0.055 0.133
0 0.621 0.46 0.031 0.033
0 0.4 0.531 0.067 0.046
0 0.582 0.043 0.088 0.085
0 0.603 0.184 0.087 0.079
0 0.697 0.048 0.09 0.094
0 0.569 0.741 0.031 0.042
