0 0.212 0.242 0.055 0.062
0 0.62 0.354 0.173 0.149
0 0.57 0.126 0.051 0.046
0 0.561 0.074 0.035 0.042
0 0.537 0.017 0.052 0.025
0 0.502 0.105 0.034 0.041
0 0.969 0.246 0.062 0.195
0 0.566 0.602 0.094 0.145
0 0.386 0.621 0.028 0.04
0 0.336 0.669 0.04 0.044
0 0.554 0.809 0.087 0.055
0 0.202 0.656 0.055 0.039
0 0.231 0.528 0.04 0.056
0 0.247 0.424 0.035 0.06
0 0.343 0.754 0.064 0.07
0 0.335 0.957 0.035 0.022
0 0.499 0.395 0.02 0.021
0 0.506 0.426 0.02 0.027
0 0.33 0.046 0.037 0.024
0 0.341 0.177 0.04 0.019
0 0.33 0.209 0.059 0.027
0 0.317 0.269 0.052 0.057
