0 0.373 0.369 0.087 0.165
0 0.271 0.183 0.095 0.055
0 0.381 0.026 0.054 0.048
0 0.417 0.116 0.13 0.097
0 0.567 0.127 0.108 0.16
0 0.674 0.067 0.069 0.132
0 0.83 0.044 0.066 0.062
0 0.968 0.064 0.062 0.102
0 0.632 0.249 0.055 0.061
0 0.703 0.288 0.05 0.075
0 0.593 0.582 0.076 0.12
0 0.496 0.714 0.097 0.077
0 0.65 0.885 0.153 0.222
0 0.006 0.149 0.012 0.05
0 0.008 0.247 0.016 0.084
0 0.01 0.404 0.02 0.164
0 0.011 0.549 0.022 0.051
0 0.007 0.65 0.014 0.017
0 0.008 0.72 0.016 0.074
0 0.381 0.24 0.045 0.076
0 0.297 0.036 0.048 0.037
0 0.277 0.079 0.025 0.027
