0 0.59 0.182 0.04 0.066
0 0.64 0.11 0.031 0.051
0 0.403 0.211 0.042 0.038
0 0.411 0.304 0.053 0.05
0 0.287 0.343 0.047 0.034
0 0.371 0.491 0.031 0.03
0 0.374 0.72 0.025 0.034
0 0.301 0.736 0.035 0.047
0 0.327 0.712 0.014 0.019
0 0.613 0.74 0.022 0.07
0 0.61 0.81 0.01 0.024
0 0.632 0.883 0.018 0.129
0 0.647 0.81 0.016 0.025
0 0.668 0.9 0.02 0.043
0 0.579 0.919 0.02 0.034
0 0.574 0.866 0.029 0.037
0 0.375 0.989 0.028 0.017
0 0.421 0.934 0.017 0.024
0 0.337 0.926 0.03 0.022
0 0.521 0.59 0.03 0.038
0 0.496 0.606 0.01 0.03
0 0.561 0.313 0.08 0.081
0 0.252 0.086 0.033 0.027
0 0.478 0.861 0.033 0.024
