0 0.224 0.231 0.108 0.149
0 0.378 0.169 0.045 0.089
0 0.333 0.114 0.024 0.032
0 0.359 0.354 0.031 0.043
0 0.311 0.561 0.056 0.077
0 0.372 0.571 0.02 0.03
0 0.394 0.549 0.024 0.035
0 0.317 0.69 0.065 0.073
0 0.376 0.699 0.018 0.025
0 0.309 0.83 0.06 0.117
0 0.424 0.813 0.057 0.179
0 0.518 0.872 0.064 0.061
0 0.601 0.869 0.051 0.046
0 0.292 0.981 0.047 0.037
0 0.366 0.975 0.041 0.044
0 0.028 0.678 0.056 0.086
0 0.041 0.819 0.082 0.033
0 0.029 0.943 0.054 0.093
0 0.068 0.413 0.054 0.025
0 0.051 0.022 0.026 0.018
0 0.482 0.193 0.044 0.042
0 0.585 0.656 0.096 0.19
0 0.722 0.764 0.11 0.194
