0 0.248 0.065 0.155 0.125
0 0.204 0.171 0.062 0.056
0 0.313 0.217 0.091 0.119
0 0.219 0.258 0.064 0.046
0 0.013 0.493 0.025 0.132
0 0.006 0.361 0.012 0.046
0 0.306 0.346 0.043 0.08
0 0.281 0.588 0.055 0.061
0 0.232 0.671 0.077 0.057
0 0.296 0.849 0.069 0.22
0 0.579 0.822 0.057 0.068
0 0.709 0.787 0.094 0.155
0 0.65 0.089 0.141 0.135
0 0.474 0.065 0.151 0.121
0 0.546 0.302 0.067 0.044
0 0.562 0.233 0.058 0.047
0 0.668 0.27 0.128 0.159
0 0.559 0.4 0.074 0.11
0 0.68 0.477 0.148 0.232
0 0.553 0.554 0.053 0.067
0 0.481 0.98 0.045 0.032
0 0.012 0.972 0.024 0.031
