0 0.358 0.485 0.06 0.093
0 0.426 0.364 0.132 0.072
0 0.405 0.227 0.031 0.05
0 0.93 0.09 0.135 0.176
0 0.707 0.048 0.112 0.078
0 0.586 0.078 0.038 0.045
0 0.366 0.084 0.044 0.043
0 0.47 0.073 0.05 0.101
0 0.53 0.017 0.066 0.032
0 0.417 0.012 0.026 0.018
0 0.229 0.506 0.023 0.034
0 0.174 0.439 0.046 0.042
0 0.239 0.375 0.034 0.077
0 0.286 0.592 0.052 0.049
0 0.302 0.518 0.035 0.051
0 0.449 0.608 0.05 0.075
0 0.769 0.69 0.051 0.104
0 0.839 0.696 0.03 0.041
0 0.343 0.931 0.083 0.07
0 0.68 0.966 0.053 0.067
0 0.613 0.52 0.055 0.166
0 0.609 0.269 0.052 0.177
0 0.174 0.722 0.05 0.094
0 0.411 0.816 0.059 0.14
0 0.958 0.275 0.069 0.086
0 0.715 0.161 0.052 0.053
0 0.264 0.251 0.09 0.062
0 0.049 0.451 0.032 0.037
0 0.356 0.812 0.034 0.047
0 0.891 0.944 0.045 0.113
