0 0.77 0.393 0.05 0.045
0 0.727 0.455 0.042 0.04
0 0.76 0.536 0.075 0.074
0 0.976 0.545 0.037 0.053
0 0.768 0.604 0.082 0.04
0 0.706 0.673 0.063 0.04
0 0.764 0.736 0.043 0.101
0 0.426 0.965 0.063 0.043
0 0.474 0.558 0.025 0.02
0 0.569 0.121 0.025 0.031
0 0.628 0.121 0.051 0.026
0 0.632 0.256 0.076 0.039
0 0.709 0.099 0.021 0.026
0 0.737 0.112 0.022 0.049
0 0.287 0.126 0.071 0.094
0 0.346 0.179 0.037 0.023
0 0.346 0.041 0.021 0.028
0 0.439 0.01 0.022 0.015
0 0.459 0.047 0.039 0.034
0 0.25 0.703 0.05 0.038
