0 0.322 0.305 0.068 0.068
0 0.293 0.355 0.047 0.026
0 0.251 0.373 0.028 0.028
0 0.231 0.289 0.026 0.041
0 0.343 0.15 0.051 0.039
0 0.335 0.208 0.026 0.062
0 0.408 0.14 0.02 0.025
0 0.505 0.166 0.016 0.029
0 0.314 0.452 0.044 0.024
0 0.271 0.472 0.022 0.033
0 0.307 0.495 0.029 0.027
0 0.271 0.586 0.029 0.025
0 0.321 0.586 0.037 0.046
0 0.347 0.55 0.015 0.01
0 0.296 0.616 0.018 0.016
0 0.269 0.673 0.033 0.026
0 0.235 0.775 0.042 0.034
0 0.123 0.91 0.05 0.079
0 0.245 0.928 0.1 0.13
0 0.334 0.917 0.037 0.043
0 0.43 0.781 0.035 0.085
0 0.301 0.091 0.035 0.057
0 0.157 0.125 0.054 0.037
0 0.03 0.333 0.027 0.029
0 0.692 0.421 0.089 0.118
0 0.852 0.22 0.042 0.076
0 0.713 0.142 0.039 0.079
0 0.75 0.074 0.044 0.054
0 0.776 0.838 0.042 0.039
0 0.971 0.715 0.058 0.097
0 0.987 0.588 0.027 0.062
0 0.969 0.981 0.049 0.037
0 0.991 0.348 0.017 0.104
0 0.833 0.032 0.046 0.039
0 0.75 0.019 0.032 0.035
0 0.394 0.009 0.015 0.018
0 0.423 0.01 0.013 0.019
0 0.103 0.042 0.013 0.023
