0 0.092 0.06 0.038 0.073
0 0.085 0.168 0.043 0.044
0 0.086 0.257 0.04 0.059
0 0.162 0.271 0.043 0.028
0 0.192 0.154 0.051 0.057
0 0.275 0.596 0.066 0.058
0 0.279 0.67 0.06 0.055
0 0.167 0.681 0.067 0.05
0 0.118 0.56 0.059 0.075
0 0.086 0.867 0.043 0.04
0 0.131 0.901 0.054 0.075
0 0.335 0.846 0.082 0.053
0 0.459 0.318 0.032 0.025
0 0.461 0.365 0.041 0.05
0 0.077 0.794 0.035 0.03
0 0.138 0.765 0.063 0.055
0 0.485 0.968 0.062 0.065
0 0.534 0.605 0.055 0.053
0 0.536 0.435 0.047 0.056
0 0.082 0.984 0.05 0.029
0 0.46 0.239 0.026 0.03
