0 0.465 0.486 0.032 0.045
0 0.56 0.512 0.016 0.027
0 0.601 0.487 0.031 0.036
0 0.574 0.109 0.042 0.068
0 0.329 0.042 0.041 0.057
0 0.333 0.774 0.031 0.108
0 0.371 0.775 0.021 0.027
0 0.416 0.835 0.04 0.045
0 0.434 0.781 0.024 0.046
0 0.593 0.769 0.074 0.052
0 0.612 0.847 0.052 0.086
0 0.62 0.962 0.071 0.067
0 0.579 0.664 0.014 0.029
0 0.591 0.706 0.019 0.035
0 0.434 0.957 0.018 0.045
0 0.397 0.959 0.019 0.049
0 0.345 0.562 0.036 0.034
0 0.535 0.416 0.037 0.036
0 0.044 0.88 0.078 0.129
0 0.036 0.978 0.031 0.043
