0 0.569 0.737 0.047 0.09
0 0.321 0.587 0.032 0.031
0 0.298 0.074 0.087 0.138
0 0.341 0.197 0.045 0.061
0 0.444 0.11 0.051 0.075
0 0.523 0.202 0.04 0.082
0 0.596 0.268 0.064 0.067
0 0.817 0.247 0.074 0.109
0 0.843 0.331 0.03 0.046
0 0.785 0.39 0.035 0.043
0 0.887 0.436 0.055 0.087
0 0.864 0.668 0.061 0.098
0 0.943 0.7 0.064 0.037
0 0.925 0.786 0.095 0.06
0 0.828 0.801 0.062 0.076
0 0.916 0.893 0.086 0.132
0 0.579 0.958 0.123 0.084
0 0.01 0.412 0.02 0.071
0 0.296 0.374 0.091 0.086
0 0.457 0.24 0.03 0.042
0 0.406 0.422 0.047 0.029
