0 0.104 0.065 0.073 0.117
0 0.029 0.074 0.042 0.077
0 0.119 0.262 0.097 0.109
0 0.039 0.324 0.045 0.025
0 0.041 0.374 0.04 0.048
0 0.069 0.46 0.064 0.101
0 0.018 0.477 0.034 0.049
0 0.102 0.607 0.113 0.127
0 0.104 0.726 0.126 0.071
0 0.118 0.846 0.122 0.146
0 0.617 0.711 0.118 0.153
0 0.621 0.548 0.061 0.069
0 0.638 0.473 0.041 0.033
0 0.507 0.556 0.084 0.074
0 0.445 0.509 0.02 0.02
0 0.446 0.614 0.031 0.035
0 0.539 0.427 0.037 0.069
0 0.627 0.359 0.083 0.136
0 0.453 0.368 0.05 0.067
0 0.366 0.343 0.075 0.096
0 0.485 0.243 0.035 0.056
0 0.282 0.032 0.058 0.059
0 0.411 0.029 0.045 0.052
0 0.493 0.053 0.101 0.097
0 0.643 0.1 0.158 0.149
0 0.363 0.234 0.052 0.046
0 0.093 0.967 0.057 0.061
