0 0.08 0.739 0.158 0.34
0 0.265 0.32 0.116 0.105
0 0.307 0.16 0.118 0.166
0 0.477 0.147 0.083 0.098
0 0.28 0.63 0.101 0.234
0 0.37 0.484 0.068 0.108
0 0.359 0.646 0.051 0.146
0 0.462 0.52 0.107 0.166
0 0.443 0.71 0.076 0.178
0 0.364 0.909 0.046 0.07
0 0.486 0.938 0.085 0.118
0 0.528 0.818 0.08 0.104
0 0.576 0.593 0.113 0.239
0 0.677 0.109 0.031 0.052
0 0.821 0.138 0.089 0.127
0 0.654 0.336 0.116 0.156
0 0.717 0.451 0.032 0.049
0 0.973 0.616 0.045 0.084
0 0.949 0.058 0.042 0.116
0 0.74 0.813 0.053 0.073
0 0.749 0.937 0.088 0.124
