0 0.01 0.195 0.019 0.045
0 0.016 0.057 0.031 0.111
0 0.241 0.085 0.11 0.159
0 0.21 0.235 0.056 0.079
0 0.269 0.22 0.051 0.063
0 0.404 0.231 0.087 0.164
0 0.474 0.042 0.018 0.028
0 0.52 0.029 0.018 0.023
0 0.375 0.402 0.064 0.157
0 0.278 0.394 0.058 0.075
0 0.201 0.334 0.036 0.059
0 0.25 0.299 0.069 0.057
0 0.216 0.478 0.04 0.05
0 0.271 0.466 0.06 0.039
0 0.271 0.587 0.085 0.168
0 0.258 0.718 0.076 0.071
0 0.263 0.859 0.08 0.175
0 0.276 0.974 0.085 0.051
0 0.372 0.521 0.077 0.046
0 0.395 0.636 0.089 0.165
0 0.675 0.487 0.13 0.123
0 0.68 0.785 0.159 0.363
0 0.569 0.714 0.05 0.082
0 0.069 0.928 0.05 0.094
0 0.119 0.961 0.035 0.077
