0 0.285 0.416 0.121 0.171
0 0.166 0.434 0.07 0.104
0 0.178 0.247 0.052 0.077
0 0.272 0.134 0.034 0.035
0 0.468 0.049 0.026 0.072
0 0.807 0.064 0.036 0.053
0 0.977 0.053 0.036 0.052
0 0.976 0.153 0.048 0.058
0 0.975 0.24 0.043 0.061
0 0.955 0.336 0.073 0.096
0 0.873 0.252 0.026 0.042
0 0.9 0.547 0.087 0.094
0 0.974 0.562 0.049 0.067
0 0.755 0.634 0.046 0.052
0 0.635 0.791 0.045 0.045
0 0.299 0.738 0.1 0.064
0 0.367 0.821 0.05 0.072
0 0.313 0.854 0.038 0.077
0 0.241 0.832 0.055 0.054
0 0.251 0.958 0.053 0.054
0 0.349 0.968 0.126 0.054
0 0.469 0.439 0.037 0.068
0 0.974 0.902 0.052 0.13
0 0.298 0.631 0.095 0.081
0 0.362 0.644 0.018 0.026
0 0.312 0.542 0.055 0.071
0 0.384 0.217 0.035 0.063
0 0.331 0.228 0.021 0.022
