0 0.438 0.484 0.04 0.067
0 0.451 0.568 0.054 0.06
0 0.573 0.906 0.059 0.056
0 0.652 0.879 0.057 0.077
0 0.646 0.776 0.042 0.054
0 0.602 0.701 0.057 0.061
0 0.538 0.704 0.055 0.028
0 0.548 0.751 0.047 0.047
0 0.457 0.81 0.048 0.032
0 0.422 0.847 0.029 0.034
0 0.467 0.848 0.044 0.041
0 0.429 0.922 0.033 0.025
0 0.246 0.799 0.059 0.068
0 0.228 0.719 0.07 0.076
0 0.245 0.359 0.071 0.145
0 0.216 0.148 0.058 0.122
0 0.148 0.147 0.034 0.038
0 0.138 0.196 0.025 0.027
0 0.122 0.672 0.035 0.026
0 0.186 0.629 0.054 0.021
0 0.16 0.884 0.035 0.027
0 0.144 0.932 0.047 0.04
0 0.214 0.963 0.067 0.055
0 0.582 0.424 0.044 0.047
0 0.605 0.152 0.044 0.042
0 0.668 0.226 0.033 0.035
0 0.437 0.261 0.03 0.015
0 0.427 0.288 0.041 0.024
0 0.438 0.317 0.038 0.023
0 0.425 0.36 0.042 0.033
0 0.412 0.012 0.027 0.021
0 0.543 0.011 0.018 0.016
0 0.505 0.526 0.036 0.031
0 0.588 0.519 0.043 0.033
