0 0.029 0.036 0.057 0.071
0 0.093 0.109 0.055 0.208
0 0.024 0.209 0.043 0.049
0 0.284 0.358 0.123 0.177
0 0.237 0.522 0.125 0.121
0 0.406 0.723 0.185 0.198
0 0.235 0.83 0.147 0.218
0 0.02 0.926 0.041 0.144
0 0.417 0.92 0.084 0.159
0 0.567 0.827 0.124 0.249
0 0.397 0.12 0.085 0.148
0 0.464 0.356 0.086 0.117
0 0.642 0.158 0.06 0.165
0 0.837 0.351 0.107 0.141
0 0.968 0.23 0.063 0.209
0 0.969 0.032 0.057 0.058
0 0.65 0.547 0.118 0.156
0 0.723 0.678 0.033 0.043
0 0.993 0.846 0.015 0.055
0 0.671 0.332 0.04 0.062
0 0.328 0.851 0.032 0.042
