0 0.516 0.352 0.048 0.035
0 0.649 0.263 0.046 0.036
0 0.691 0.199 0.057 0.041
0 0.688 0.04 0.133 0.075
0 0.467 0.963 0.045 0.057
0 0.3 0.88 0.034 0.048
0 0.292 0.935 0.052 0.025
0 0.433 0.424 0.052 0.041
0 0.313 0.546 0.045 0.06
0 0.256 0.536 0.041 0.039
0 0.297 0.658 0.058 0.083
0 0.153 0.023 0.055 0.044
0 0.161 0.089 0.059 0.062
0 0.085 0.062 0.018 0.025
0 0.156 0.155 0.032 0.042
0 0.192 0.188 0.041 0.038
0 0.171 0.221 0.031 0.019
0 0.156 0.252 0.036 0.028
0 0.159 0.384 0.038 0.036
0 0.062 0.424 0.024 0.037
0 0.287 0.331 0.029 0.051
0 0.153 0.424 0.043 0.026
0 0.138 0.45 0.025 0.021
0 0.173 0.462 0.037 0.029
0 0.141 0.479 0.025 0.016
0 0.132 0.501 0.038 0.018
0 0.145 0.557 0.047 0.044
0 0.149 0.615 0.019 0.043
0 0.17 0.662 0.021 0.123
0 0.126 0.693 0.049 0.048
0 0.127 0.755 0.035 0.054
0 0.166 0.766 0.031 0.035
0 0.126 0.847 0.052 0.062
0 0.171 0.848 0.02 0.026
0 0.128 0.902 0.032 0.037
0 0.176 0.884 0.031 0.027
0 0.127 0.975 0.053 0.041
0 0.288 0.24 0.05 0.029
