0 0.111 0.555 0.04 0.06
0 0.059 0.567 0.029 0.043
0 0.181 0.511 0.026 0.049
0 0.142 0.669 0.058 0.037
0 0.265 0.657 0.035 0.041
0 0.196 0.705 0.031 0.029
0 0.054 0.682 0.04 0.038
0 0.033 0.379 0.034 0.041
0 0.062 0.968 0.038 0.041
0 0.269 0.882 0.048 0.041
0 0.271 0.795 0.035 0.032
0 0.433 0.568 0.019 0.029
0 0.446 0.53 0.032 0.023
0 0.42 0.228 0.058 0.049
0 0.438 0.169 0.037 0.04
0 0.506 0.059 0.037 0.061
0 0.751 0.447 0.113 0.102
0 0.693 0.327 0.055 0.085
0 0.6 0.232 0.047 0.054
0 0.468 0.812 0.064 0.058
0 0.523 0.823 0.031 0.043
0 0.563 0.823 0.027 0.068
0 0.45 0.945 0.047 0.091
0 0.731 0.784 0.03 0.035
0 0.281 0.424 0.028 0.046
0 0.085 0.082 0.049 0.048
0 0.183 0.121 0.028 0.027
0 0.156 0.949 0.04 0.032
0 0.01 0.543 0.019 0.035
