0 0.623 0.886 0.094 0.207
0 0.51 0.86 0.055 0.059
0 0.481 0.942 0.056 0.074
0 0.377 0.937 0.045 0.059
0 0.019 0.964 0.038 0.058
0 0.024 0.772 0.047 0.108
0 0.029 0.607 0.043 0.034
0 0.024 0.514 0.025 0.031
0 0.029 0.454 0.038 0.04
0 0.043 0.413 0.042 0.034
0 0.033 0.173 0.055 0.17
0 0.406 0.191 0.051 0.055
0 0.462 0.259 0.04 0.057
0 0.375 0.63 0.035 0.064
0 0.426 0.66 0.036 0.041
0 0.475 0.636 0.048 0.052
0 0.59 0.59 0.092 0.088
0 0.629 0.331 0.084 0.069
0 0.984 0.384 0.031 0.122
0 0.969 0.033 0.062 0.064
