0 0.638 0.501 0.094 0.065
0 0.601 0.549 0.052 0.029
0 0.649 0.615 0.13 0.082
0 0.601 0.912 0.04 0.05
0 0.181 0.827 0.109 0.099
0 0.34 0.951 0.053 0.089
0 0.358 0.859 0.078 0.07
0 0.134 0.941 0.059 0.082
0 0.16 0.552 0.11 0.085
0 0.04 0.527 0.044 0.033
0 0.135 0.205 0.069 0.12
0 0.314 0.093 0.082 0.073
0 0.353 0.271 0.03 0.021
0 0.36 0.312 0.047 0.03
0 0.403 0.215 0.041 0.032
0 0.441 0.223 0.028 0.032
0 0.17 0.403 0.06 0.083
0 0.518 0.867 0.024 0.033
0 0.349 0.548 0.037 0.032
0 0.355 0.511 0.028 0.023
0 0.485 0.039 0.026 0.045
0 0.617 0.014 0.02 0.028
0 0.585 0.015 0.015 0.024
