0 0.131 0.912 0.018 0.014
0 0.139 0.95 0.04 0.04
0 0.101 0.926 0.016 0.021
0 0.07 0.826 0.084 0.103
0 0.016 0.904 0.027 0.055
0 0.047 0.631 0.084 0.066
0 0.111 0.504 0.038 0.049
0 0.173 0.603 0.037 0.04
0 0.107 0.579 0.037 0.044
0 0.145 0.743 0.052 0.07
0 0.073 0.34 0.052 0.067
0 0.343 0.318 0.039 0.084
0 0.393 0.19 0.079 0.074
0 0.487 0.108 0.037 0.084
0 0.525 0.075 0.029 0.077
0 0.569 0.041 0.036 0.075
0 0.542 0.271 0.061 0.062
0 0.506 0.357 0.049 0.042
0 0.297 0.721 0.054 0.09
0 0.473 0.967 0.066 0.065
0 0.39 0.98 0.064 0.037
0 0.415 0.909 0.015 0.024
0 0.462 0.907 0.023 0.039
0 0.24 0.939 0.053 0.057
0 0.589 0.859 0.09 0.179
0 0.779 0.829 0.095 0.116
0 0.842 0.949 0.076 0.102
0 0.879 0.776 0.084 0.093
0 0.849 0.604 0.119 0.093
0 0.849 0.482 0.089 0.099
0 0.882 0.309 0.125 0.152
0 0.883 0.11 0.11 0.202
0 0.472 0.582 0.024 0.018
0 0.403 0.108 0.028 0.038
0 0.163 0.113 0.034 0.04
