0 0.61 0.246 0.097 0.126
0 0.616 0.034 0.099 0.064
0 0.54 0.055 0.042 0.046
0 0.513 0.11 0.038 0.045
0 0.362 0.097 0.079 0.071
0 0.367 0.166 0.05 0.043
0 0.232 0.323 0.082 0.12
0 0.151 0.28 0.053 0.051
0 0.226 0.621 0.05 0.077
0 0.224 0.543 0.053 0.066
0 0.306 0.728 0.092 0.335
0 0.386 0.929 0.057 0.063
0 0.469 0.952 0.062 0.051
0 0.945 0.774 0.105 0.224
0 0.567 0.49 0.071 0.142
0 0.144 0.944 0.096 0.095
0 0.248 0.811 0.032 0.076
0 0.148 0.799 0.048 0.048
0 0.222 0.743 0.038 0.026
0 0.223 0.169 0.052 0.05
0 0.255 0.028 0.069 0.051
0 0.139 0.035 0.048 0.056
0 0.573 0.851 0.028 0.021
