0 0.376 0.309 0.072 0.058
0 0.564 0.356 0.08 0.074
0 0.791 0.439 0.126 0.066
0 0.658 0.514 0.055 0.045
0 0.402 0.65 0.047 0.033
0 0.38 0.57 0.04 0.034
0 0.387 0.605 0.026 0.018
0 0.368 0.884 0.041 0.03
0 0.487 0.926 0.068 0.042
0 0.104 0.862 0.067 0.04
0 0.192 0.929 0.053 0.021
0 0.185 0.975 0.044 0.032
0 0.191 0.304 0.039 0.041
0 0.201 0.25 0.042 0.035
0 0.203 0.356 0.046 0.027
0 0.036 0.043 0.053 0.042
0 0.016 0.1 0.028 0.029
0 0.408 0.126 0.043 0.044
0 0.475 0.072 0.044 0.066
0 0.662 0.097 0.121 0.129
0 0.48 0.018 0.033 0.025
0 0.594 0.643 0.033 0.07
0 0.454 0.705 0.064 0.068
0 0.455 0.459 0.032 0.048
0 0.537 0.121 0.037 0.051
0 0.595 0.247 0.035 0.085
0 0.67 0.31 0.034 0.05
0 0.533 0.294 0.035 0.03
