0 0.943 0.49 0.114 0.135
0 0.92 0.944 0.088 0.113
0 0.444 0.686 0.03 0.037
0 0.496 0.673 0.034 0.03
0 0.517 0.622 0.027 0.027
0 0.56 0.605 0.034 0.05
0 0.531 0.813 0.03 0.032
0 0.481 0.97 0.028 0.054
0 0.326 0.811 0.019 0.024
0 0.621 0.438 0.122 0.173
0 0.57 0.282 0.079 0.08
0 0.588 0.165 0.027 0.051
0 0.561 0.224 0.024 0.026
0 0.126 0.148 0.082 0.079
0 0.067 0.104 0.022 0.042
0 0.08 0.383 0.021 0.106
0 0.026 0.655 0.044 0.08
0 0.033 0.735 0.038 0.062
0 0.428 0.873 0.024 0.037
0 0.444 0.912 0.029 0.026
0 0.497 0.067 0.052 0.05
