0 0.65 0.243 0.039 0.062
0 0.684 0.351 0.04 0.062
0 0.765 0.466 0.103 0.107
0 0.65 0.53 0.058 0.037
0 0.675 0.476 0.059 0.031
0 0.672 0.593 0.071 0.066
0 0.677 0.66 0.043 0.034
0 0.589 0.367 0.031 0.046
0 0.444 0.379 0.062 0.047
0 0.283 0.348 0.087 0.084
0 0.266 0.69 0.06 0.047
0 0.262 0.814 0.076 0.098
0 0.443 0.791 0.058 0.054
0 0.532 0.723 0.055 0.061
0 0.251 0.951 0.033 0.037
0 0.3 0.985 0.053 0.025
0 0.424 0.875 0.045 0.034
0 0.064 0.839 0.045 0.042
0 0.103 0.779 0.057 0.041
0 0.089 0.977 0.038 0.039
0 0.086 0.653 0.077 0.031
0 0.091 0.326 0.037 0.034
0 0.039 0.186 0.068 0.311
0 0.184 0.059 0.04 0.065
0 0.23 0.053 0.028 0.042
0 0.295 0.019 0.031 0.026
0 0.454 0.128 0.041 0.051
0 0.515 0.094 0.04 0.024
0 0.457 0.216 0.068 0.087
0 0.419 0.606 0.055 0.057
0 0.443 0.518 0.032 0.044
