0 0.132 0.219 0.106 0.117
0 0.174 0.341 0.082 0.111
0 0.6 0.324 0.054 0.059
0 0.494 0.339 0.035 0.036
0 0.537 0.401 0.042 0.052
0 0.545 0.562 0.097 0.132
0 0.648 0.53 0.085 0.062
0 0.636 0.669 0.074 0.098
0 0.586 0.911 0.106 0.178
0 0.459 0.942 0.117 0.111
0 0.403 0.803 0.061 0.062
0 0.073 0.906 0.135 0.187
0 0.557 0.086 0.045 0.053
0 0.627 0.166 0.054 0.076
0 0.473 0.046 0.028 0.045
0 0.016 0.273 0.024 0.038
0 0.017 0.047 0.022 0.031
0 0.056 0.565 0.035 0.039
0 0.539 0.223 0.021 0.027
0 0.538 0.301 0.017 0.074
0 0.043 0.364 0.053 0.04
0 0.437 0.358 0.031 0.024
