0 0.462 0.544 0.04 0.031
0 0.505 0.516 0.026 0.023
0 0.529 0.393 0.04 0.023
0 0.565 0.33 0.055 0.085
0 0.519 0.231 0.06 0.061
0 0.403 0.025 0.049 0.043
0 0.251 0.051 0.035 0.052
0 0.114 0.033 0.058 0.063
0 0.018 0.985 0.016 0.02
0 0.016 0.901 0.026 0.073
0 0.008 0.731 0.015 0.024
0 0.024 0.613 0.031 0.044
0 0.092 0.229 0.043 0.05
0 0.061 0.413 0.038 0.04
0 0.009 0.369 0.013 0.029
0 0.011 0.44 0.021 0.045
0 0.014 0.504 0.027 0.034
0 0.018 0.042 0.035 0.084
0 0.018 0.187 0.036 0.067
0 0.572 0.754 0.062 0.085
0 0.389 0.772 0.019 0.028
0 0.41 0.742 0.024 0.025
0 0.397 0.897 0.02 0.02
0 0.387 0.977 0.053 0.046
0 0.561 0.886 0.029 0.042
0 0.484 0.778 0.035 0.059
0 0.387 0.587 0.049 0.036
0 0.903 0.331 0.167 0.303
0 0.884 0.53 0.045 0.084
0 0.961 0.611 0.043 0.039
0 0.982 0.724 0.034 0.042
0 0.641 0.074 0.094 0.109
