0 0.575 0.598 0.064 0.079
0 0.538 0.685 0.055 0.086
0 0.595 0.752 0.05 0.13
0 0.541 0.793 0.047 0.068
0 0.49 0.957 0.079 0.07
0 0.594 0.945 0.071 0.073
0 0.384 0.609 0.057 0.024
0 0.379 0.67 0.067 0.038
0 0.382 0.724 0.069 0.038
0 0.383 0.783 0.061 0.049
0 0.234 0.622 0.052 0.061
0 0.144 0.617 0.095 0.082
0 0.079 0.487 0.038 0.071
0 0.265 0.715 0.042 0.056
0 0.234 0.913 0.021 0.032
0 0.265 0.958 0.034 0.054
0 0.379 0.932 0.028 0.028
0 0.423 0.979 0.047 0.042
0 0.512 0.027 0.029 0.043
0 0.533 0.361 0.053 0.067
0 0.443 0.375 0.037 0.034
0 0.471 0.457 0.119 0.062
0 0.318 0.506 0.048 0.096
0 0.216 0.414 0.035 0.039
0 0.281 0.423 0.033 0.045
0 0.677 0.901 0.057 0.062
0 0.062 0.97 0.033 0.042
0 0.145 0.515 0.052 0.066
0 0.5 0.149 0.057 0.036
0 0.599 0.162 0.098 0.05
0 0.625 0.237 0.081 0.045
0 0.559 0.267 0.043 0.051
0 0.432 0.222 0.041 0.042
