0 0.337 0.184 0.031 0.036
0 0.387 0.185 0.021 0.023
0 0.418 0.144 0.033 0.028
0 0.45 0.128 0.036 0.032
0 0.572 0.013 0.044 0.019
0 0.485 0.052 0.047 0.041
0 0.503 0.328 0.032 0.079
0 0.559 0.361 0.038 0.042
0 0.575 0.315 0.032 0.02
0 0.449 0.596 0.035 0.023
0 0.373 0.506 0.056 0.058
0 0.404 0.747 0.019 0.029
0 0.443 0.657 0.023 0.026
0 0.483 0.693 0.023 0.023
0 0.556 0.707 0.037 0.052
0 0.52 0.729 0.016 0.039
0 0.376 0.848 0.023 0.037
0 0.345 0.832 0.028 0.033
0 0.42 0.98 0.035 0.04
0 0.526 0.946 0.047 0.046
0 0.559 0.563 0.032 0.042
0 0.5 0.542 0.018 0.016
