0 0.493 0.698 0.028 0.043
0 0.592 0.616 0.064 0.051
0 0.488 0.469 0.052 0.056
0 0.609 0.327 0.047 0.065
0 0.553 0.386 0.06 0.05
0 0.663 0.098 0.114 0.196
0 0.236 0.277 0.047 0.05
0 0.207 0.496 0.037 0.071
0 0.215 0.57 0.047 0.042
0 0.057 0.558 0.041 0.062
0 0.038 0.916 0.041 0.033
0 0.213 0.952 0.039 0.031
0 0.204 0.991 0.024 0.018
0 0.209 0.722 0.038 0.105
0 0.221 0.815 0.026 0.052
0 0.171 0.84 0.041 0.016
0 0.033 0.402 0.036 0.054
0 0.266 0.025 0.065 0.042
0 0.037 0.009 0.034 0.017
0 0.068 0.133 0.026 0.08
0 0.021 0.182 0.021 0.037
0 0.416 0.914 0.057 0.047
0 0.544 0.819 0.04 0.063
0 0.412 0.631 0.022 0.027
