0 0.479 0.482 0.07 0.414
0 0.511 0.707 0.032 0.023
0 0.519 0.786 0.058 0.113
0 0.314 0.842 0.057 0.101
0 0.218 0.693 0.06 0.074
0 0.206 0.771 0.086 0.058
0 0.058 0.712 0.047 0.069
0 0.046 0.639 0.039 0.048
0 0.069 0.537 0.043 0.085
0 0.066 0.416 0.045 0.053
0 0.064 0.288 0.031 0.047
0 0.054 0.863 0.062 0.072
0 0.685 0.698 0.069 0.07
0 0.617 0.809 0.042 0.069
0 0.649 0.878 0.026 0.041
0 0.697 0.893 0.047 0.044
0 0.602 0.34 0.037 0.075
0 0.572 0.286 0.014 0.023
0 0.472 0.042 0.064 0.059
0 0.527 0.037 0.031 0.049
0 0.74 0.368 0.051 0.097
0 0.844 0.36 0.135 0.106
0 0.457 0.182 0.049 0.051
0 0.27 0.307 0.053 0.072
0 0.204 0.339 0.046 0.077
0 0.305 0.529 0.069 0.17
0 0.192 0.531 0.035 0.043
0 0.552 0.352 0.025 0.074
0 0.199 0.111 0.052 0.091
