0 0.38 0.163 0.069 0.063
0 0.397 0.043 0.05 0.062
0 0.401 0.103 0.063 0.034
0 0.535 0.145 0.038 0.028
0 0.594 0.044 0.042 0.052
0 0.555 0.086 0.029 0.029
0 0.681 0.084 0.046 0.047
0 0.627 0.43 0.051 0.049
0 0.662 0.678 0.05 0.042
0 0.676 0.642 0.033 0.011
0 0.378 0.924 0.052 0.119
0 0.594 0.903 0.022 0.029
0 0.648 0.934 0.038 0.028
0 0.639 0.798 0.046 0.029
0 0.244 0.924 0.036 0.037
0 0.196 0.976 0.035 0.037
0 0.234 0.978 0.027 0.031
0 0.129 0.944 0.04 0.054
0 0.065 0.932 0.05 0.031
0 0.036 0.963 0.023 0.02
0 0.258 0.518 0.07 0.079
0 0.247 0.426 0.041 0.06
0 0.25 0.347 0.048 0.034
0 0.234 0.237 0.085 0.089
0 0.236 0.151 0.075 0.076
0 0.026 0.042 0.046 0.047
0 0.121 0.045 0.053 0.086
0 0.115 0.39 0.048 0.029
0 0.056 0.495 0.069 0.06
0 0.045 0.577 0.06 0.065
0 0.068 0.697 0.053 0.044
0 0.052 0.644 0.049 0.027
0 0.057 0.821 0.037 0.068
0 0.069 0.754 0.046 0.028
0 0.159 0.722 0.072 0.051
0 0.119 0.782 0.032 0.051
0 0.238 0.727 0.045 0.06
0 0.385 0.295 0.073 0.062
0 0.396 0.24 0.035 0.035
0 0.409 0.213 0.024 0.011
0 0.242 0.019 0.118 0.035
