0 0.337 0.506 0.064 0.091
0 0.599 0.394 0.078 0.074
0 0.628 0.258 0.045 0.06
0 0.596 0.15 0.062 0.085
0 0.672 0.072 0.082 0.067
0 0.306 0.039 0.067 0.065
0 0.015 0.156 0.03 0.057
0 0.02 0.449 0.039 0.07
0 0.337 0.815 0.037 0.048
0 0.371 0.7 0.044 0.039
0 0.294 0.922 0.049 0.045
0 0.355 0.958 0.035 0.078
0 0.539 0.89 0.014 0.023
0 0.567 0.915 0.022 0.076
0 0.606 0.911 0.052 0.075
0 0.61 0.782 0.025 0.033
0 0.521 0.543 0.039 0.041
0 0.601 0.577 0.07 0.048
0 0.563 0.624 0.037 0.044
0 0.582 0.039 0.025 0.037
0 0.546 0.272 0.023 0.026
0 0.985 0.204 0.029 0.051
0 0.96 0.259 0.024 0.021
0 0.041 0.083 0.047 0.048
0 0.31 0.208 0.053 0.045
0 0.324 0.299 0.031 0.04
0 0.254 0.244 0.029 0.015
0 0.312 0.388 0.067 0.06
