0 0.654 0.663 0.064 0.089
0 0.529 0.978 0.047 0.044
0 0.607 0.986 0.036 0.028
0 0.654 0.924 0.036 0.03
0 0.472 0.841 0.049 0.026
0 0.498 0.806 0.043 0.018
0 0.511 0.73 0.032 0.036
0 0.255 0.823 0.055 0.057
0 0.126 0.203 0.032 0.024
0 0.12 0.146 0.032 0.03
0 0.127 0.109 0.03 0.026
0 0.125 0.04 0.038 0.029
0 0.209 0.087 0.037 0.038
0 0.224 0.128 0.027 0.022
0 0.25 0.297 0.036 0.034
0 0.124 0.242 0.04 0.029
0 0.132 0.285 0.035 0.029
0 0.126 0.401 0.021 0.022
0 0.14 0.355 0.026 0.028
0 0.124 0.469 0.026 0.02
0 0.221 0.425 0.025 0.025
0 0.247 0.436 0.023 0.021
0 0.12 0.621 0.023 0.024
0 0.126 0.777 0.037 0.07
0 0.607 0.177 0.047 0.043
0 0.315 0.519 0.04 0.027
0 0.231 0.633 0.048 0.029
0 0.248 0.524 0.025 0.023
