0 0.364 0.526 0.052 0.055
0 0.578 0.094 0.087 0.056
0 0.617 0.169 0.04 0.062
0 0.594 0.217 0.028 0.041
0 0.281 0.11 0.048 0.049
0 0.389 0.137 0.058 0.077
0 0.39 0.2 0.035 0.026
0 0.3 0.195 0.034 0.033
0 0.356 0.359 0.037 0.049
0 0.408 0.354 0.023 0.028
0 0.389 0.462 0.021 0.021
0 0.51 0.644 0.055 0.045
0 0.495 0.545 0.044 0.048
0 0.598 0.521 0.079 0.081
0 0.638 0.753 0.029 0.048
0 0.636 0.686 0.036 0.057
0 0.587 0.812 0.045 0.104
0 0.636 0.863 0.031 0.066
0 0.392 0.795 0.037 0.069
0 0.462 0.786 0.043 0.044
0 0.343 0.759 0.032 0.044
0 0.403 0.702 0.026 0.025
0 0.347 0.836 0.032 0.045
0 0.475 0.94 0.031 0.037
0 0.42 0.947 0.045 0.052
0 0.055 0.95 0.049 0.098
0 0.094 0.904 0.023 0.03
