0 0.152 0.867 0.069 0.078
0 0.087 0.933 0.046 0.112
0 0.15 0.98 0.055 0.039
0 0.014 0.895 0.027 0.044
0 0.037 0.751 0.035 0.062
0 0.029 0.825 0.052 0.052
0 0.038 0.642 0.025 0.062
0 0.006 0.711 0.012 0.018
0 0.019 0.973 0.027 0.053
0 0.054 0.969 0.024 0.024
0 0.049 0.923 0.03 0.028
0 0.014 0.071 0.028 0.078
0 0.013 0.224 0.025 0.065
0 0.015 0.337 0.022 0.024
0 0.055 0.4 0.032 0.035
0 0.261 0.034 0.02 0.03
0 0.324 0.136 0.057 0.099
0 0.443 0.132 0.047 0.067
0 0.233 0.201 0.04 0.045
0 0.208 0.144 0.021 0.031
0 0.235 0.37 0.025 0.016
0 0.245 0.399 0.028 0.022
0 0.323 0.417 0.02 0.02
0 0.332 0.514 0.05 0.079
0 0.268 0.581 0.037 0.034
0 0.255 0.624 0.047 0.036
0 0.337 0.689 0.032 0.03
0 0.317 0.79 0.038 0.021
0 0.316 0.851 0.049 0.066
0 0.142 0.928 0.046 0.033
0 0.618 0.059 0.049 0.035
0 0.575 0.172 0.078 0.101
0 0.717 0.196 0.164 0.197
0 0.721 0.47 0.05 0.043
0 0.581 0.465 0.049 0.029
0 0.663 0.626 0.036 0.042
0 0.673 0.713 0.053 0.062
0 0.758 0.691 0.029 0.039
0 0.732 0.803 0.028 0.042
0 0.817 0.812 0.034 0.072
0 0.504 0.884 0.041 0.035
