0 0.569 0.521 0.088 0.093
0 0.591 0.63 0.059 0.105
0 0.627 0.901 0.076 0.166
0 0.485 0.906 0.05 0.052
0 0.497 0.608 0.035 0.029
0 0.517 0.266 0.046 0.043
0 0.46 0.398 0.055 0.039
0 0.034 0.396 0.036 0.021
0 0.248 0.4 0.071 0.061
0 0.198 0.455 0.033 0.04
0 0.226 0.624 0.058 0.071
0 0.231 0.894 0.04 0.02
0 0.191 0.901 0.022 0.021
0 0.219 0.31 0.036 0.051
0 0.255 0.259 0.029 0.088
0 0.169 0.038 0.027 0.022
0 0.061 0.039 0.029 0.043
0 0.207 0.054 0.024 0.026
0 0.187 0.079 0.022 0.018
0 0.064 0.228 0.035 0.045
0 0.031 0.137 0.028 0.037
0 0.059 0.164 0.018 0.02
0 0.071 0.86 0.022 0.026
0 0.049 0.85 0.012 0.031
0 0.445 0.246 0.015 0.018
0 0.603 0.189 0.014 0.039
