0 0.473 0.257 0.044 0.084
0 0.437 0.115 0.048 0.077
0 0.544 0.077 0.05 0.039
0 0.648 0.032 0.056 0.063
0 0.631 0.619 0.054 0.069
0 0.399 0.731 0.06 0.104
0 0.402 0.599 0.073 0.049
0 0.335 0.654 0.031 0.041
0 0.375 0.655 0.028 0.035
0 0.384 0.948 0.062 0.104
0 0.576 0.925 0.032 0.046
0 0.651 0.312 0.035 0.047
0 0.597 0.25 0.049 0.069
0 0.098 0.139 0.062 0.105
0 0.061 0.545 0.032 0.04
0 0.065 0.876 0.027 0.025
0 0.053 0.93 0.023 0.045
0 0.014 0.88 0.026 0.055
0 0.577 0.174 0.019 0.028
0 0.546 0.195 0.015 0.048
0 0.378 0.491 0.026 0.032
0 0.588 0.859 0.033 0.042
