0 0.718 0.422 0.134 0.115
0 0.659 0.524 0.118 0.074
0 0.627 0.627 0.094 0.067
0 0.686 0.736 0.113 0.119
0 0.604 0.839 0.05 0.134
0 0.656 0.857 0.039 0.074
0 0.424 0.727 0.074 0.11
0 0.081 0.677 0.047 0.056
0 0.085 0.761 0.015 0.009
0 0.071 0.882 0.039 0.027
0 0.084 0.847 0.024 0.016
0 0.077 0.819 0.038 0.022
0 0.096 0.941 0.02 0.029
0 0.078 0.928 0.011 0.02
0 0.067 0.911 0.017 0.009
0 0.591 0.121 0.035 0.063
0 0.434 0.036 0.045 0.061
0 0.439 0.103 0.037 0.039
0 0.452 0.16 0.046 0.046
0 0.643 0.088 0.025 0.019
0 0.681 0.132 0.067 0.058
0 0.648 0.212 0.031 0.022
0 0.644 0.262 0.037 0.058
0 0.67 0.312 0.031 0.027
0 0.586 0.954 0.033 0.023
0 0.667 0.966 0.04 0.048
