0 0.274 0.573 0.059 0.044
0 0.266 0.71 0.078 0.057
0 0.1 0.761 0.037 0.035
0 0.153 0.955 0.037 0.079
0 0.206 0.855 0.042 0.05
0 0.14 0.487 0.035 0.041
0 0.142 0.61 0.023 0.045
0 0.138 0.792 0.026 0.043
0 0.236 0.206 0.036 0.038
0 0.223 0.258 0.064 0.038
0 0.226 0.077 0.05 0.062
0 0.53 0.301 0.076 0.041
0 0.332 0.406 0.033 0.03
0 0.655 0.081 0.085 0.068
0 0.617 0.193 0.024 0.032
0 0.583 0.895 0.047 0.079
0 0.096 0.337 0.024 0.02
0 0.104 0.296 0.011 0.012
0 0.203 0.42 0.032 0.043
0 0.222 0.469 0.024 0.028
0 0.2 0.639 0.065 0.034
0 0.333 0.994 0.012 0.013
