0 0.117 0.782 0.233 0.26
0 0.061 0.961 0.122 0.075
0 0.183 0.984 0.03 0.033
0 0.299 0.984 0.061 0.032
0 0.093 0.363 0.089 0.113
0 0.03 0.11 0.055 0.214
0 0.29 0.027 0.104 0.051
0 0.281 0.186 0.097 0.145
0 0.439 0.353 0.104 0.128
0 0.312 0.335 0.041 0.045
0 0.272 0.368 0.024 0.095
0 0.258 0.542 0.098 0.146
0 0.326 0.666 0.031 0.043
0 0.571 0.824 0.048 0.071
0 0.568 0.25 0.083 0.209
0 0.486 0.03 0.028 0.057
0 0.571 0.051 0.073 0.098
0 0.872 0.046 0.096 0.084
0 0.953 0.266 0.076 0.174
0 0.752 0.432 0.055 0.066
0 0.736 0.966 0.129 0.067
0 0.916 0.948 0.116 0.103
