0 0.05 0.742 0.1 0.248
0 0.214 0.603 0.077 0.21
0 0.287 0.61 0.058 0.177
0 0.216 0.304 0.12 0.107
0 0.257 0.144 0.115 0.155
0 0.426 0.14 0.08 0.105
0 0.31 0.457 0.068 0.095
0 0.402 0.502 0.104 0.165
0 0.382 0.686 0.073 0.174
0 0.295 0.881 0.039 0.072
0 0.214 0.981 0.058 0.038
0 0.411 0.935 0.086 0.117
0 0.466 0.802 0.079 0.131
0 0.518 0.589 0.123 0.249
0 0.6 0.324 0.112 0.14
0 0.662 0.436 0.035 0.049
0 0.673 0.796 0.053 0.076
0 0.682 0.926 0.109 0.145
0 0.914 0.608 0.044 0.075
0 0.772 0.132 0.097 0.148
0 0.625 0.096 0.026 0.035
0 0.893 0.056 0.042 0.112
