0 0.287 0.442 0.022 0.035
0 0.325 0.446 0.021 0.03
0 0.287 0.281 0.02 0.025
0 0.395 0.223 0.018 0.018
0 0.284 0.206 0.018 0.024
0 0.533 0.021 0.019 0.011
0 0.549 0.053 0.026 0.028
0 0.541 0.11 0.016 0.015
0 0.716 0.163 0.027 0.022
0 0.746 0.123 0.018 0.021
0 0.751 0.073 0.021 0.017
0 0.722 0.269 0.019 0.017
0 0.647 0.505 0.018 0.018
0 0.666 0.537 0.032 0.014
0 0.552 0.491 0.023 0.017
0 0.529 0.516 0.022 0.016
0 0.532 0.571 0.019 0.022
0 0.544 0.333 0.031 0.022
0 0.541 0.222 0.026 0.027
0 0.762 0.945 0.026 0.034
