0 0.036 0.171 0.071 0.148
0 0.403 0.176 0.121 0.175
0 0.364 0.331 0.109 0.097
0 0.574 0.165 0.079 0.103
0 0.375 0.645 0.106 0.213
0 0.454 0.652 0.046 0.163
0 0.467 0.497 0.06 0.101
0 0.557 0.544 0.108 0.188
0 0.547 0.731 0.08 0.171
0 0.142 0.773 0.231 0.324
0 0.472 0.939 0.049 0.08
0 0.635 0.892 0.08 0.202
0 0.754 0.349 0.125 0.15
0 0.815 0.468 0.036 0.052
0 0.674 0.617 0.117 0.241
0 0.928 0.156 0.093 0.141
0 0.766 0.117 0.026 0.038
0 0.73 0.821 0.04 0.083
0 0.849 0.843 0.055 0.073
0 0.869 0.953 0.095 0.094
