0 0.037 0.808 0.035 0.032
0 0.109 0.952 0.035 0.023
0 0.211 0.974 0.062 0.029
0 0.391 0.62 0.055 0.098
0 0.341 0.555 0.036 0.058
0 0.348 0.447 0.028 0.034
0 0.39 0.476 0.031 0.048
0 0.372 0.387 0.036 0.059
0 0.321 0.256 0.04 0.075
0 0.343 0.126 0.069 0.057
0 0.339 0.049 0.058 0.065
0 0.02 0.052 0.029 0.037
0 0.633 0.618 0.041 0.069
0 0.663 0.715 0.033 0.06
0 0.628 0.724 0.023 0.03
0 0.465 0.941 0.045 0.044
0 0.162 0.595 0.064 0.055
0 0.13 0.641 0.029 0.026
0 0.106 0.543 0.026 0.021
0 0.12 0.452 0.058 0.037
0 0.114 0.369 0.037 0.023
0 0.455 0.022 0.034 0.039
0 0.599 0.324 0.026 0.054
0 0.639 0.461 0.043 0.03
0 0.647 0.918 0.021 0.041
0 0.651 0.981 0.045 0.025
