0 0.603 0.468 0.1 0.127
0 0.175 0.672 0.116 0.287
0 0.236 0.406 0.045 0.037
0 0.244 0.481 0.05 0.042
0 0.229 0.208 0.052 0.091
0 0.249 0.297 0.052 0.045
0 0.113 0.384 0.032 0.103
0 0.184 0.346 0.043 0.074
0 0.086 0.622 0.029 0.112
0 0.065 0.826 0.038 0.057
0 0.026 0.31 0.037 0.06
0 0.052 0.172 0.04 0.057
0 0.322 0.048 0.077 0.073
0 0.317 0.198 0.043 0.097
0 0.35 0.13 0.043 0.029
0 0.319 0.309 0.051 0.043
0 0.311 0.353 0.055 0.025
0 0.319 0.409 0.057 0.044
0 0.248 0.082 0.038 0.058
0 0.237 0.012 0.029 0.017
0 0.152 0.967 0.033 0.052
0 0.236 0.837 0.049 0.029
0 0.248 0.895 0.055 0.055
0 0.267 0.94 0.043 0.028
0 0.25 0.782 0.024 0.026
0 0.595 0.964 0.05 0.057
0 0.702 0.95 0.045 0.065
0 0.45 0.467 0.041 0.032
