0 0.224 0.4 0.051 0.041
0 0.221 0.449 0.049 0.028
0 0.212 0.574 0.048 0.041
0 0.228 0.655 0.046 0.035
0 0.242 0.812 0.04 0.03
0 0.236 0.846 0.021 0.016
0 0.2 0.952 0.037 0.021
0 0.241 0.938 0.018 0.021
0 0.223 0.351 0.034 0.019
0 0.228 0.26 0.04 0.025
0 0.233 0.205 0.044 0.021
0 0.247 0.069 0.047 0.062
0 0.438 0.139 0.037 0.045
0 0.463 0.089 0.03 0.036
0 0.704 0.128 0.035 0.054
0 0.61 0.111 0.057 0.026
0 0.628 0.051 0.032 0.049
0 0.657 0.098 0.03 0.027
0 0.663 0.219 0.063 0.063
0 0.619 0.534 0.059 0.035
0 0.626 0.584 0.065 0.045
0 0.583 0.602 0.016 0.022
0 0.471 0.64 0.026 0.026
0 0.46 0.562 0.025 0.016
0 0.707 0.815 0.02 0.043
0 0.671 0.92 0.037 0.048
0 0.692 0.985 0.031 0.03
0 0.468 0.805 0.06 0.041
0 0.57 0.908 0.037 0.026
0 0.571 0.974 0.038 0.048
0 0.662 0.399 0.03 0.03
0 0.623 0.42 0.026 0.027
0 0.514 0.383 0.042 0.035
0 0.488 0.409 0.033 0.029
0 0.47 0.445 0.029 0.025
0 0.447 0.498 0.033 0.029
0 0.491 0.277 0.028 0.049
0 0.451 0.294 0.037 0.034
