0 0.656 0.515 0.084 0.077
0 0.631 0.403 0.06 0.043
0 0.689 0.359 0.032 0.025
0 0.696 0.432 0.033 0.026
0 0.711 0.398 0.023 0.017
0 0.443 0.72 0.028 0.014
0 0.209 0.789 0.054 0.068
0 0.21 0.969 0.068 0.053
0 0.216 0.924 0.04 0.022
0 0.217 0.867 0.047 0.019
0 0.225 0.378 0.053 0.04
0 0.223 0.607 0.032 0.032
0 0.24 0.659 0.045 0.036
0 0.194 0.645 0.018 0.013
0 0.224 0.729 0.04 0.018
0 0.249 0.544 0.023 0.013
0 0.231 0.568 0.042 0.022
0 0.228 0.424 0.033 0.016
0 0.222 0.45 0.065 0.025
0 0.224 0.307 0.042 0.019
0 0.464 0.158 0.049 0.054
0 0.46 0.221 0.04 0.028
0 0.45 0.278 0.031 0.024
0 0.588 0.177 0.037 0.051
0 0.593 0.124 0.035 0.028
0 0.585 0.076 0.023 0.021
0 0.636 0.121 0.031 0.053
0 0.635 0.18 0.04 0.038
0 0.47 0.635 0.031 0.039
0 0.575 0.747 0.032 0.023
0 0.624 0.739 0.041 0.032
0 0.68 0.745 0.051 0.03
0 0.573 0.869 0.061 0.026
0 0.624 0.982 0.043 0.032
0 0.422 0.891 0.042 0.019
0 0.451 0.967 0.047 0.021
0 0.481 0.771 0.038 0.024
0 0.442 0.76 0.016 0.02
0 0.435 0.827 0.026 0.019
0 0.466 0.033 0.027 0.019
0 0.464 0.058 0.018 0.016
0 0.506 0.093 0.024 0.019
0 0.504 0.009 0.022 0.014
