0 0.726 0.622 0.123 0.144
0 0.606 0.703 0.08 0.08
0 0.561 0.806 0.067 0.073
0 0.467 0.648 0.039 0.039
0 0.639 0.238 0.077 0.102
0 0.603 0.346 0.047 0.062
0 0.984 0.101 0.031 0.199
0 0.132 0.803 0.048 0.034
0 0.138 0.893 0.045 0.045
0 0.235 0.771 0.042 0.031
0 0.228 0.808 0.05 0.02
0 0.44 0.444 0.042 0.066
0 0.132 0.507 0.034 0.027
0 0.134 0.553 0.056 0.03
0 0.148 0.601 0.059 0.048
0 0.098 0.597 0.018 0.033
0 0.143 0.731 0.047 0.039
0 0.453 0.719 0.035 0.04
0 0.135 0.445 0.047 0.06
0 0.14 0.338 0.052 0.122
0 0.139 0.042 0.051 0.083
0 0.142 0.175 0.047 0.036
0 0.103 0.218 0.02 0.037
0 0.137 0.221 0.024 0.026
0 0.244 0.086 0.065 0.076
0 0.287 0.278 0.036 0.035
0 0.242 0.238 0.029 0.05
0 0.451 0.281 0.037 0.09
0 0.286 0.423 0.054 0.026
0 0.227 0.424 0.039 0.034
0 0.205 0.463 0.022 0.021
0 0.273 0.509 0.033 0.049
0 0.3 0.38 0.031 0.045
0 0.556 0.962 0.091 0.076
