0 0.635 0.135 0.111 0.17
0 0.547 0.338 0.062 0.061
0 0.551 0.258 0.032 0.053
0 0.648 0.321 0.044 0.054
0 0.645 0.396 0.044 0.088
0 0.543 0.564 0.04 0.084
0 0.475 0.619 0.041 0.077
0 0.418 0.668 0.018 0.027
0 0.129 0.752 0.042 0.07
0 0.161 0.844 0.046 0.091
0 0.201 0.811 0.031 0.054
0 0.056 0.817 0.043 0.042
0 0.528 0.863 0.055 0.076
0 0.589 0.803 0.079 0.042
0 0.604 0.931 0.082 0.129
0 0.962 0.043 0.071 0.081
0 0.955 0.181 0.083 0.147
0 0.947 0.319 0.086 0.109
0 0.953 0.399 0.08 0.032
0 0.934 0.468 0.088 0.066
0 0.96 0.655 0.068 0.191
0 0.943 0.876 0.112 0.237
