0 0.148 0.298 0.057 0.079
0 0.074 0.355 0.038 0.036
0 0.094 0.594 0.062 0.049
0 0.098 0.745 0.035 0.03
0 0.101 0.784 0.028 0.026
0 0.095 0.976 0.064 0.047
0 0.168 0.837 0.062 0.078
0 0.264 0.974 0.044 0.052
0 0.283 0.87 0.041 0.045
0 0.287 0.643 0.044 0.115
0 0.206 0.579 0.035 0.058
0 0.246 0.569 0.026 0.047
0 0.27 0.418 0.064 0.104
0 0.332 0.381 0.039 0.056
0 0.397 0.482 0.064 0.154
0 0.377 0.702 0.084 0.06
0 0.755 0.793 0.281 0.39
0 0.564 0.727 0.086 0.083
0 0.565 0.826 0.05 0.043
0 0.606 0.561 0.093 0.076
0 0.691 0.261 0.174 0.212
0 0.661 0.098 0.111 0.091
0 0.432 0.232 0.066 0.083
0 0.309 0.224 0.071 0.076
0 0.291 0.118 0.057 0.051
0 0.412 0.616 0.048 0.046
