0 0.376 0.596 0.123 0.153
0 0.443 0.709 0.033 0.046
0 0.126 0.047 0.117 0.086
0 0.12 0.212 0.068 0.129
0 0.194 0.422 0.081 0.097
0 0.039 0.452 0.077 0.164
0 0.027 0.609 0.053 0.082
0 0.117 0.841 0.232 0.279
0 0.296 0.867 0.117 0.231
0 0.358 0.053 0.117 0.099
0 0.373 0.226 0.082 0.129
0 0.409 0.383 0.025 0.042
0 0.372 0.409 0.035 0.088
0 0.543 0.391 0.101 0.132
0 0.64 0.06 0.13 0.116
0 0.664 0.263 0.061 0.194
0 0.865 0.447 0.063 0.07
0 0.967 0.039 0.061 0.072
0 0.77 0.046 0.076 0.088
0 0.705 0.855 0.039 0.071
0 0.846 0.986 0.037 0.029
