0 0.076 0.151 0.11 0.158
0 0.467 0.167 0.12 0.169
0 0.42 0.324 0.107 0.102
0 0.433 0.65 0.098 0.232
0 0.514 0.658 0.057 0.189
0 0.526 0.491 0.054 0.1
0 0.619 0.537 0.111 0.176
0 0.606 0.727 0.078 0.182
0 0.544 0.939 0.048 0.077
0 0.203 0.759 0.217 0.335
0 0.818 0.344 0.123 0.135
0 0.875 0.46 0.039 0.047
0 0.97 0.143 0.061 0.135
0 0.821 0.111 0.028 0.049
0 0.633 0.154 0.082 0.101
0 0.698 0.895 0.094 0.209
0 0.737 0.612 0.118 0.246
0 0.81 0.822 0.042 0.09
0 0.921 0.838 0.057 0.072
0 0.949 0.949 0.097 0.102
