0 0.541 0.411 0.046 0.042
0 0.601 0.307 0.05 0.098
0 0.691 0.507 0.043 0.037
0 0.489 0.598 0.046 0.082
0 0.058 0.792 0.048 0.12
0 0.069 0.931 0.056 0.127
0 0.056 0.495 0.037 0.037
0 0.048 0.438 0.032 0.054
0 0.078 0.399 0.04 0.035
0 0.011 0.369 0.018 0.023
0 0.064 0.356 0.038 0.033
0 0.011 0.455 0.018 0.027
0 0.013 0.508 0.018 0.011
0 0.049 0.692 0.041 0.035
0 0.058 0.068 0.043 0.033
0 0.062 0.143 0.042 0.04
0 0.06 0.196 0.044 0.035
0 0.067 0.251 0.045 0.039
0 0.079 0.295 0.04 0.03
0 0.02 0.21 0.03 0.032
0 0.015 0.024 0.022 0.047
0 0.017 0.122 0.017 0.022
0 0.492 0.028 0.029 0.035
0 0.463 0.067 0.025 0.023
0 0.531 0.125 0.036 0.042
0 0.643 0.154 0.042 0.062
0 0.588 0.956 0.083 0.077
0 0.607 0.865 0.05 0.04
0 0.653 0.617 0.045 0.027
