0 0.956 0.047 0.058 0.047
0 0.811 0.023 0.043 0.034
0 0.526 0.082 0.039 0.043
0 0.42 0.02 0.035 0.031
0 0.097 0.041 0.054 0.079
0 0.178 0.018 0.045 0.035
0 0.168 0.108 0.033 0.038
0 0.267 0.144 0.047 0.047
0 0.324 0.164 0.038 0.033
0 0.32 0.206 0.041 0.037
0 0.383 0.207 0.057 0.038
0 0.429 0.171 0.032 0.029
0 0.486 0.187 0.052 0.041
0 0.594 0.225 0.04 0.035
0 0.424 0.415 0.062 0.078
0 0.486 0.402 0.052 0.05
0 0.281 0.691 0.099 0.103
0 0.312 0.8 0.112 0.101
0 0.326 0.939 0.099 0.121
0 0.437 0.811 0.075 0.118
0 0.525 0.866 0.037 0.07
0 0.594 0.902 0.061 0.093
0 0.898 0.733 0.118 0.225
0 0.93 0.528 0.044 0.061
0 0.901 0.283 0.064 0.106
0 0.979 0.157 0.037 0.044
0 0.961 0.327 0.061 0.267
0 0.991 0.514 0.019 0.037
0 0.603 0.542 0.083 0.065
0 0.415 0.675 0.055 0.054
0 0.685 0.741 0.055 0.095
0 0.679 0.836 0.033 0.062
