0 0.27 0.587 0.051 0.079
0 0.219 0.632 0.031 0.042
0 0.187 0.647 0.016 0.024
0 0.175 0.706 0.027 0.045
0 0.239 0.7 0.038 0.035
0 0.282 0.775 0.074 0.095
0 0.195 0.84 0.037 0.032
0 0.239 0.92 0.021 0.032
0 0.385 0.887 0.062 0.073
0 0.278 0.273 0.047 0.112
0 0.277 0.389 0.068 0.088
0 0.181 0.229 0.033 0.036
0 0.171 0.283 0.034 0.039
0 0.42 0.086 0.076 0.068
0 0.255 0.025 0.055 0.045
0 0.163 0.041 0.064 0.062
0 0.512 0.43 0.048 0.095
0 0.584 0.396 0.046 0.068
0 0.641 0.405 0.047 0.091
0 0.615 0.283 0.052 0.063
0 0.636 0.191 0.138 0.085
0 0.52 0.083 0.041 0.026
0 0.539 0.024 0.033 0.041
0 0.781 0.494 0.072 0.105
0 0.669 0.563 0.055 0.085
0 0.626 0.846 0.073 0.09
0 0.554 0.882 0.056 0.058
0 0.632 0.968 0.041 0.058
0 0.883 0.761 0.039 0.064
