0 0.227 0.338 0.026 0.026
0 0.236 0.383 0.028 0.024
0 0.308 0.419 0.029 0.024
0 0.371 0.428 0.037 0.047
0 0.24 0.474 0.026 0.034
0 0.228 0.584 0.028 0.074
0 0.246 0.724 0.025 0.077
0 0.192 0.851 0.032 0.042
0 0.155 0.859 0.027 0.042
0 0.223 0.942 0.045 0.058
0 0.143 0.589 0.036 0.044
0 0.144 0.538 0.013 0.019
0 0.51 0.616 0.022 0.032
0 0.544 0.823 0.021 0.025
0 0.56 0.899 0.038 0.033
0 0.571 0.865 0.021 0.022
0 0.645 0.846 0.022 0.021
0 0.65 0.665 0.038 0.043
0 0.61 0.686 0.025 0.024
0 0.6 0.717 0.028 0.026
0 0.543 0.318 0.033 0.03
