0 0.032 0.846 0.06 0.214
0 0.416 0.695 0.078 0.105
0 0.311 0.787 0.079 0.06
0 0.185 0.778 0.042 0.057
0 0.227 0.812 0.027 0.05
0 0.226 0.977 0.031 0.043
0 0.446 0.954 0.045 0.076
0 0.55 0.836 0.064 0.06
0 0.602 0.713 0.062 0.068
0 0.546 0.652 0.04 0.072
0 0.411 0.539 0.057 0.045
0 0.414 0.478 0.06 0.06
0 0.501 0.515 0.049 0.04
0 0.426 0.375 0.052 0.039
0 0.405 0.262 0.051 0.051
0 0.406 0.308 0.042 0.031
0 0.297 0.078 0.048 0.068
0 0.874 0.133 0.064 0.066
0 0.311 0.84 0.037 0.03
0 0.33 0.898 0.029 0.024
0 0.292 0.905 0.026 0.023
0 0.318 0.939 0.056 0.023
0 0.267 0.931 0.017 0.02
0 0.311 0.99 0.018 0.02
0 0.272 0.376 0.027 0.037
0 0.193 0.465 0.022 0.046
