0 0.264 0.473 0.047 0.051
0 0.088 0.467 0.036 0.042
0 0.134 0.521 0.026 0.066
0 0.187 0.577 0.024 0.03
0 0.254 0.564 0.026 0.025
0 0.273 0.828 0.041 0.017
0 0.257 0.978 0.022 0.016
0 0.28 0.964 0.016 0.018
0 0.567 0.8 0.018 0.025
0 0.687 0.762 0.103 0.081
0 0.684 0.834 0.023 0.041
0 0.662 0.895 0.051 0.029
0 0.595 0.324 0.058 0.042
0 0.61 0.45 0.065 0.099
0 0.431 0.353 0.029 0.026
0 0.251 0.321 0.045 0.024
0 0.198 0.339 0.028 0.02
0 0.243 0.256 0.052 0.026
0 0.233 0.175 0.1 0.073
0 0.207 0.038 0.04 0.069
0 0.253 0.062 0.029 0.068
0 0.429 0.022 0.023 0.034
0 0.508 0.096 0.039 0.038
0 0.407 0.27 0.048 0.045
0 0.529 0.984 0.034 0.032
0 0.983 0.758 0.033 0.041
0 0.979 0.118 0.037 0.038
0 0.992 0.089 0.016 0.015
0 0.46 0.456 0.026 0.038
0 0.522 0.471 0.02 0.037
0 0.441 0.878 0.041 0.038
0 0.468 0.919 0.032 0.023
