0 0.559 0.153 0.06 0.074
0 0.635 0.215 0.083 0.135
0 0.641 0.068 0.05 0.04
0 0.58 0.018 0.022 0.034
0 0.274 0.036 0.04 0.045
0 0.216 0.082 0.026 0.038
0 0.242 0.179 0.038 0.035
0 0.262 0.131 0.03 0.045
0 0.284 0.269 0.025 0.025
0 0.293 0.484 0.034 0.023
0 0.275 0.524 0.036 0.021
0 0.285 0.876 0.031 0.035
0 0.31 0.77 0.044 0.044
0 0.356 0.759 0.02 0.018
0 0.912 0.849 0.049 0.065
0 0.938 0.765 0.064 0.059
0 0.948 0.875 0.019 0.044
0 0.622 0.876 0.085 0.107
0 0.63 0.687 0.08 0.084
0 0.885 0.047 0.019 0.036
0 0.919 0.107 0.033 0.099
0 0.94 0.031 0.027 0.026
0 0.972 0.025 0.013 0.021
0 0.988 0.132 0.023 0.093
0 0.974 0.292 0.036 0.035
0 0.906 0.459 0.047 0.033
0 0.889 0.553 0.08 0.075
0 0.556 0.596 0.015 0.029
0 0.548 0.1 0.017 0.019
0 0.515 0.091 0.014 0.025
0 0.58 0.078 0.011 0.026
