0 0.759 0.595 0.266 0.146
0 0.539 0.474 0.038 0.023
0 0.542 0.537 0.038 0.052
0 0.558 0.65 0.045 0.052
0 0.585 0.688 0.027 0.016
0 0.641 0.709 0.031 0.023
0 0.569 0.732 0.043 0.044
0 0.693 0.854 0.028 0.023
0 0.678 0.729 0.031 0.026
0 0.67 0.092 0.023 0.03
0 0.512 0.016 0.018 0.014
0 0.524 0.072 0.03 0.049
0 0.54 0.154 0.063 0.097
0 0.522 0.291 0.032 0.038
0 0.57 0.308 0.042 0.047
0 0.528 0.343 0.033 0.037
0 0.531 0.378 0.026 0.021
0 0.565 0.399 0.027 0.016
0 0.575 0.432 0.035 0.01
0 0.525 0.435 0.036 0.022
0 0.626 0.049 0.034 0.018
0 0.564 0.017 0.037 0.024
0 0.562 0.978 0.037 0.03
