0 0.047 0.136 0.045 0.067
0 0.123 0.046 0.06 0.072
0 0.329 0.445 0.106 0.102
0 0.113 0.502 0.096 0.132
0 0.28 0.6 0.188 0.127
0 0.319 0.519 0.053 0.026
0 0.452 0.616 0.074 0.131
0 0.071 0.799 0.14 0.304
0 0.186 0.932 0.045 0.032
0 0.209 0.814 0.106 0.154
0 0.334 0.932 0.156 0.136
0 0.383 0.814 0.095 0.089
0 0.48 0.939 0.12 0.121
0 0.614 0.891 0.094 0.109
0 0.619 0.978 0.04 0.034
0 0.614 0.218 0.048 0.072
0 0.62 0.35 0.069 0.117
0 0.647 0.027 0.037 0.054
0 0.304 0.255 0.083 0.084
0 0.367 0.136 0.043 0.054
0 0.652 0.791 0.105 0.089
