0 0.621 0.401 0.026 0.033
0 0.733 0.4 0.027 0.037
0 0.511 0.668 0.032 0.028
0 0.494 0.821 0.025 0.057
0 0.488 0.906 0.027 0.052
0 0.381 0.904 0.039 0.04
0 0.334 0.916 0.023 0.015
0 0.299 0.928 0.021 0.013
0 0.301 0.982 0.018 0.014
0 0.372 0.992 0.03 0.017
0 0.236 0.764 0.019 0.016
0 0.245 0.81 0.029 0.029
0 0.235 0.861 0.017 0.018
0 0.142 0.915 0.026 0.016
0 0.45 0.323 0.02 0.02
0 0.463 0.371 0.018 0.02
0 0.489 0.474 0.031 0.022
0 0.455 0.525 0.018 0.02
0 0.443 0.646 0.031 0.021
0 0.675 0.751 0.021 0.023
