0 0.688 0.139 0.041 0.035
0 0.337 0.303 0.021 0.022
0 0.358 0.205 0.037 0.027
0 0.553 0.599 0.018 0.071
0 0.614 0.564 0.032 0.078
0 0.55 0.502 0.031 0.06
0 0.369 0.466 0.031 0.019
0 0.283 0.473 0.065 0.04
0 0.271 0.521 0.024 0.038
0 0.306 0.541 0.032 0.071
0 0.268 0.839 0.019 0.026
0 0.283 0.88 0.032 0.02
0 0.412 0.969 0.026 0.032
0 0.626 0.849 0.061 0.094
0 0.575 0.904 0.035 0.062
0 0.529 0.893 0.018 0.034
0 0.542 0.246 0.053 0.092
0 0.647 0.017 0.036 0.029
0 0.95 0.597 0.024 0.04
0 0.632 0.703 0.026 0.038
0 0.593 0.71 0.017 0.023
0 0.488 0.742 0.019 0.022
0 0.443 0.492 0.031 0.027
0 0.501 0.611 0.025 0.03
0 0.496 0.66 0.038 0.029
0 0.486 0.559 0.012 0.023
