0 0.065 0.845 0.069 0.048
0 0.049 0.705 0.051 0.058
0 0.067 0.758 0.052 0.033
0 0.058 0.594 0.038 0.066
0 0.106 0.527 0.029 0.03
0 0.45 0.586 0.045 0.043
0 0.508 0.576 0.043 0.041
0 0.528 0.818 0.043 0.075
0 0.638 0.979 0.057 0.042
0 0.409 0.261 0.071 0.081
0 0.376 0.115 0.084 0.071
0 0.089 0.042 0.058 0.061
0 0.111 0.161 0.042 0.029
0 0.075 0.202 0.039 0.05
0 0.114 0.298 0.06 0.036
0 0.1 0.917 0.058 0.033
0 0.083 0.99 0.031 0.018
0 0.426 0.978 0.023 0.044
0 0.616 0.243 0.024 0.04
0 0.656 0.245 0.041 0.046
0 0.026 0.415 0.018 0.021
