0 0.29 0.696 0.024 0.025
0 0.302 0.652 0.032 0.019
0 0.348 0.78 0.032 0.03
0 0.352 0.824 0.026 0.03
0 0.319 0.85 0.025 0.042
0 0.267 0.868 0.043 0.038
0 0.355 0.929 0.033 0.023
0 0.358 0.959 0.019 0.015
0 0.267 0.502 0.033 0.026
0 0.288 0.36 0.026 0.02
0 0.273 0.391 0.032 0.029
0 0.317 0.319 0.027 0.021
0 0.284 0.258 0.048 0.024
0 0.284 0.079 0.036 0.024
0 0.481 0.636 0.035 0.025
0 0.49 0.688 0.039 0.033
0 0.611 0.965 0.082 0.07
0 0.547 0.865 0.03 0.071
0 0.675 0.951 0.04 0.097
0 0.572 0.533 0.058 0.061
0 0.605 0.214 0.03 0.049
0 0.458 0.061 0.032 0.029
0 0.513 0.051 0.043 0.028
0 0.667 0.617 0.042 0.028
0 0.668 0.682 0.055 0.038
