0 0.667 0.494 0.103 0.101
0 0.707 0.135 0.103 0.098
0 0.541 0.048 0.075 0.067
0 0.222 0.799 0.041 0.116
0 0.29 0.944 0.089 0.11
0 0.362 0.735 0.098 0.06
0 0.363 0.617 0.054 0.066
0 0.435 0.83 0.058 0.041
0 0.607 0.803 0.088 0.092
0 0.575 0.904 0.038 0.075
0 0.041 0.232 0.058 0.058
0 0.024 0.414 0.04 0.034
0 0.044 0.517 0.031 0.024
0 0.011 0.549 0.022 0.036
0 0.012 0.634 0.024 0.027
0 0.022 0.7 0.042 0.034
0 0.024 0.773 0.04 0.078
0 0.064 0.776 0.034 0.042
0 0.017 0.902 0.032 0.124
0 0.031 0.987 0.029 0.024
0 0.144 0.901 0.057 0.048
0 0.152 0.96 0.072 0.039
0 0.138 0.726 0.066 0.083
0 0.152 0.786 0.042 0.026
0 0.194 0.501 0.028 0.014
0 0.212 0.519 0.037 0.016
0 0.21 0.538 0.028 0.012
0 0.203 0.609 0.029 0.012
0 0.215 0.629 0.021 0.015
0 0.391 0.164 0.044 0.032
0 0.5 0.621 0.028 0.028
