0 0.388 0.488 0.073 0.047
0 0.414 0.54 0.037 0.027
0 0.387 0.653 0.065 0.036
0 0.424 0.69 0.042 0.028
0 0.549 0.588 0.031 0.046
0 0.502 0.588 0.038 0.045
0 0.658 0.552 0.06 0.107
0 0.594 0.853 0.055 0.038
0 0.538 0.784 0.036 0.041
0 0.53 0.907 0.043 0.058
0 0.084 0.533 0.043 0.02
0 0.16 0.468 0.037 0.011
0 0.167 0.493 0.041 0.024
0 0.789 0.408 0.181 0.16
0 0.275 0.777 0.03 0.031
0 0.21 0.802 0.041 0.031
0 0.113 0.271 0.045 0.033
0 0.099 0.398 0.032 0.023
0 0.085 0.786 0.022 0.02
0 0.09 0.89 0.035 0.027
0 0.218 0.653 0.05 0.039
0 0.123 0.118 0.026 0.038
0 0.088 0.124 0.028 0.03
0 0.51 0.373 0.036 0.029
0 0.112 0.023 0.028 0.043
0 0.293 0.233 0.022 0.032
0 0.336 0.231 0.034 0.041
