0 0.269 0.023 0.027 0.042
0 0.352 0.049 0.032 0.031
0 0.329 0.009 0.023 0.015
0 0.453 0.024 0.04 0.036
0 0.551 0.035 0.084 0.068
0 0.624 0.012 0.03 0.022
0 0.438 0.113 0.032 0.045
0 0.488 0.085 0.036 0.046
0 0.64 0.328 0.142 0.145
0 0.447 0.384 0.107 0.156
0 0.587 0.494 0.098 0.114
0 0.435 0.545 0.087 0.074
0 0.43 0.646 0.065 0.095
0 0.5 0.689 0.068 0.096
0 0.627 0.726 0.079 0.076
0 0.656 0.836 0.055 0.067
0 0.382 0.925 0.06 0.09
0 0.443 0.917 0.042 0.08
0 0.569 0.983 0.039 0.033
0 0.034 0.974 0.058 0.043
0 0.082 0.631 0.079 0.089
0 0.115 0.351 0.078 0.098
0 0.146 0.123 0.058 0.059
0 0.344 0.489 0.063 0.049
0 0.085 0.886 0.068 0.059
0 0.045 0.78 0.048 0.034
