0 0.963 0.572 0.075 0.137
0 0.925 0.719 0.053 0.149
0 0.666 0.547 0.18 0.257
0 0.541 0.396 0.06 0.08
0 0.533 0.101 0.038 0.061
0 0.629 0.948 0.141 0.104
0 0.402 0.857 0.045 0.037
0 0.316 0.561 0.035 0.044
0 0.322 0.423 0.044 0.041
0 0.265 0.888 0.046 0.057
0 0.268 0.966 0.062 0.064
0 0.202 0.975 0.062 0.046
0 0.185 0.939 0.033 0.021
0 0.126 0.933 0.056 0.13
0 0.169 0.852 0.03 0.022
0 0.143 0.677 0.068 0.096
0 0.141 0.786 0.058 0.093
0 0.146 0.57 0.046 0.043
0 0.145 0.508 0.044 0.054
0 0.142 0.43 0.033 0.044
0 0.181 0.414 0.042 0.054
0 0.163 0.351 0.071 0.043
0 0.162 0.19 0.042 0.039
0 0.188 0.248 0.058 0.056
0 0.166 0.02 0.037 0.033
0 0.166 0.055 0.03 0.028
0 0.143 0.151 0.044 0.023
0 0.183 0.086 0.038 0.028
0 0.151 0.102 0.017 0.037
0 0.27 0.024 0.04 0.044
0 0.244 0.047 0.01 0.021
0 0.317 0.02 0.028 0.037
0 0.303 0.13 0.039 0.058
0 0.27 0.137 0.017 0.025
0 0.304 0.788 0.026 0.031
0 0.439 0.182 0.027 0.023
