0 0.415 0.039 0.036 0.076
0 0.473 0.057 0.057 0.107
0 0.567 0.08 0.082 0.12
0 0.659 0.055 0.078 0.074
0 0.579 0.229 0.092 0.125
0 0.547 0.374 0.097 0.114
0 0.664 0.352 0.107 0.289
0 0.58 0.565 0.089 0.153
0 0.624 0.979 0.09 0.042
0 0.835 0.931 0.074 0.083
0 0.023 0.894 0.045 0.039
0 0.073 0.877 0.04 0.034
0 0.079 0.962 0.077 0.049
0 0.051 0.736 0.102 0.069
0 0.017 0.545 0.033 0.061
0 0.097 0.481 0.027 0.026
0 0.097 0.028 0.046 0.054
0 0.157 0.035 0.039 0.053
0 0.95 0.554 0.065 0.119
0 0.868 0.564 0.031 0.042
0 0.956 0.383 0.049 0.058
0 0.977 0.263 0.046 0.066
0 0.944 0.204 0.052 0.037
