0 0.153 0.084 0.286 0.163
0 0.142 0.313 0.076 0.246
0 0.233 0.259 0.096 0.121
0 0.333 0.215 0.063 0.135
0 0.518 0.089 0.416 0.157
0 0.558 0.216 0.166 0.083
0 0.622 0.357 0.074 0.139
0 0.706 0.566 0.112 0.16
0 0.694 0.761 0.149 0.183
0 0.132 0.629 0.043 0.076
0 0.211 0.674 0.089 0.116
0 0.376 0.615 0.043 0.051
0 0.332 0.33 0.049 0.027
0 0.462 0.31 0.035 0.037
0 0.327 0.381 0.034 0.024
0 0.32 0.427 0.035 0.039
0 0.325 0.904 0.059 0.083
0 0.717 0.907 0.096 0.1
0 0.664 0.982 0.108 0.031
0 0.111 0.512 0.036 0.035
0 0.037 0.405 0.071 0.058
0 0.03 0.887 0.051 0.059
0 0.136 0.794 0.038 0.064
0 0.181 0.811 0.031 0.031
0 0.577 0.66 0.055 0.061
0 0.679 0.239 0.055 0.075
0 0.293 0.688 0.028 0.041
0 0.323 0.779 0.022 0.023
