0 0.047 0.13 0.058 0.053
0 0.105 0.134 0.043 0.043
0 0.174 0.228 0.07 0.061
0 0.251 0.168 0.045 0.09
0 0.305 0.087 0.062 0.065
0 0.234 0.05 0.052 0.079
0 0.114 0.419 0.057 0.059
0 0.113 0.304 0.042 0.031
0 0.111 0.36 0.039 0.043
0 0.105 0.58 0.05 0.062
0 0.21 0.482 0.037 0.06
0 0.268 0.48 0.069 0.059
0 0.288 0.395 0.048 0.055
0 0.289 0.329 0.092 0.064
0 0.452 0.194 0.067 0.226
0 0.613 0.214 0.041 0.076
0 0.647 0.169 0.024 0.024
0 0.745 0.349 0.161 0.101
0 0.722 0.52 0.166 0.171
0 0.762 0.727 0.109 0.186
0 0.67 0.659 0.065 0.051
0 0.546 0.594 0.044 0.035
0 0.257 0.776 0.056 0.068
0 0.211 0.937 0.049 0.066
0 0.099 0.986 0.049 0.028
0 0.102 0.727 0.079 0.064
0 0.506 0.977 0.06 0.046
0 0.45 0.732 0.029 0.026
0 0.297 0.582 0.045 0.058
0 0.359 0.54 0.053 0.078
0 0.154 0.805 0.035 0.04
