0 0.37 0.66 0.079 0.07
0 0.552 0.829 0.072 0.104
0 0.639 0.811 0.076 0.067
0 0.508 0.503 0.04 0.036
0 0.547 0.561 0.054 0.044
0 0.436 0.541 0.064 0.034
0 0.444 0.578 0.043 0.023
0 0.521 0.399 0.06 0.037
0 0.484 0.327 0.05 0.043
0 0.505 0.298 0.047 0.031
0 0.52 0.085 0.06 0.027
0 0.176 0.333 0.043 0.029
0 0.19 0.376 0.055 0.023
0 0.183 0.421 0.042 0.037
0 0.112 0.467 0.033 0.023
0 0.108 0.684 0.057 0.028
0 0.11 0.736 0.033 0.052
0 0.199 0.915 0.042 0.026
0 0.535 0.187 0.034 0.043
0 0.38 0.174 0.056 0.054
0 0.188 0.049 0.037 0.037
0 0.538 0.652 0.036 0.033
0 0.096 0.091 0.012 0.013
0 0.109 0.134 0.022 0.024
0 0.116 0.568 0.017 0.02
