0 0.029 0.59 0.047 0.1
0 0.053 0.827 0.025 0.021
0 0.148 0.8 0.043 0.04
0 0.165 0.894 0.042 0.095
0 0.067 0.019 0.051 0.036
0 0.066 0.167 0.06 0.171
0 0.059 0.311 0.065 0.093
0 0.164 0.243 0.059 0.061
0 0.255 0.123 0.106 0.099
0 0.182 0.156 0.034 0.057
0 0.203 0.022 0.082 0.042
0 0.421 0.079 0.045 0.054
0 0.324 0.029 0.018 0.036
0 0.158 0.36 0.031 0.028
0 0.15 0.411 0.042 0.046
0 0.19 0.43 0.021 0.025
0 0.211 0.382 0.041 0.035
0 0.261 0.439 0.06 0.065
0 0.315 0.421 0.033 0.039
0 0.221 0.55 0.035 0.02
0 0.166 0.581 0.031 0.03
0 0.195 0.663 0.061 0.048
0 0.255 0.643 0.028 0.028
0 0.32 0.508 0.026 0.069
0 0.13 0.988 0.037 0.023
0 0.554 0.786 0.079 0.07
0 0.621 0.759 0.038 0.057
0 0.679 0.844 0.054 0.083
0 0.586 0.915 0.055 0.068
0 0.599 0.842 0.061 0.034
0 0.419 0.636 0.036 0.031
0 0.547 0.415 0.049 0.066
0 0.581 0.327 0.035 0.044
0 0.49 0.249 0.091 0.042
0 0.546 0.076 0.047 0.102
0 0.73 0.382 0.128 0.144
0 0.699 0.712 0.051 0.046
