0 0.03 0.365 0.048 0.137
0 0.059 0.036 0.042 0.071
0 0.264 0.042 0.068 0.075
0 0.229 0.191 0.045 0.184
0 0.224 0.346 0.055 0.121
0 0.291 0.255 0.046 0.047
0 0.411 0.276 0.031 0.068
0 0.307 0.533 0.032 0.034
0 0.29 0.574 0.027 0.028
0 0.02 0.492 0.036 0.083
0 0.017 0.589 0.027 0.05
0 0.3 0.909 0.031 0.029
0 0.022 0.956 0.031 0.02
0 0.294 0.724 0.022 0.02
0 0.347 0.684 0.03 0.019
0 0.471 0.883 0.063 0.068
0 0.465 0.802 0.027 0.025
0 0.558 0.683 0.056 0.03
0 0.481 0.65 0.033 0.071
0 0.529 0.641 0.022 0.021
0 0.501 0.423 0.018 0.027
0 0.645 0.33 0.123 0.062
0 0.477 0.086 0.045 0.045
0 0.395 0.137 0.029 0.025
0 0.424 0.179 0.047 0.033
0 0.492 0.177 0.038 0.035
0 0.537 0.161 0.033 0.035
0 0.583 0.192 0.039 0.064
0 0.627 0.175 0.031 0.019
0 0.669 0.178 0.031 0.019
0 0.933 0.065 0.084 0.113
0 0.837 0.267 0.039 0.04
0 0.867 0.553 0.042 0.12
0 0.715 0.571 0.118 0.052
0 0.927 0.843 0.083 0.148
0 0.755 0.917 0.018 0.024
0 0.725 0.455 0.064 0.035
0 0.857 0.113 0.045 0.089
