0 0.224 0.527 0.054 0.058
0 0.346 0.648 0.064 0.049
0 0.189 0.703 0.041 0.028
0 0.15 0.729 0.032 0.021
0 0.227 0.85 0.055 0.038
0 0.183 0.913 0.058 0.039
0 0.38 0.846 0.02 0.015
0 0.384 0.866 0.022 0.019
0 0.582 0.788 0.026 0.035
0 0.372 0.714 0.035 0.021
0 0.548 0.443 0.045 0.043
0 0.513 0.487 0.031 0.032
0 0.459 0.429 0.047 0.028
0 0.353 0.254 0.054 0.148
0 0.405 0.188 0.038 0.038
0 0.374 0.038 0.05 0.074
0 0.263 0.113 0.06 0.055
0 0.633 0.372 0.032 0.032
0 0.516 0.374 0.032 0.032
0 0.914 0.722 0.156 0.192
0 0.483 0.079 0.047 0.056
