0 0.218 0.446 0.04 0.044
0 0.228 0.523 0.025 0.012
0 0.231 0.545 0.034 0.021
0 0.223 0.622 0.062 0.042
0 0.225 0.667 0.061 0.037
0 0.145 0.523 0.029 0.024
0 0.149 0.476 0.034 0.03
0 0.151 0.285 0.024 0.029
0 0.181 0.834 0.036 0.033
0 0.185 0.874 0.032 0.022
0 0.108 0.825 0.033 0.022
0 0.133 0.865 0.03 0.03
0 0.127 0.906 0.031 0.022
0 0.13 0.976 0.027 0.027
0 0.261 0.97 0.031 0.06
0 0.188 0.948 0.042 0.014
0 0.138 0.995 0.013 0.009
0 0.187 0.99 0.024 0.016
0 0.319 0.792 0.032 0.034
0 0.287 0.746 0.024 0.026
0 0.231 0.763 0.042 0.076
0 0.299 0.875 0.029 0.036
0 0.351 0.865 0.028 0.029
0 0.445 0.241 0.037 0.04
0 0.435 0.276 0.046 0.027
0 0.596 0.593 0.073 0.051
0 0.778 0.988 0.026 0.018
0 0.83 0.937 0.022 0.024
0 0.713 0.599 0.029 0.016
0 0.709 0.624 0.006 0.027
0 0.743 0.668 0.023 0.031
0 0.943 0.159 0.042 0.035
0 0.98 0.156 0.02 0.03
0 0.678 0.15 0.038 0.071
0 0.725 0.062 0.038 0.065
0 0.646 0.023 0.02 0.038
0 0.59 0.106 0.028 0.055
0 0.561 0.02 0.032 0.04
0 0.784 0.817 0.061 0.053
0 0.689 0.858 0.037 0.028
0 0.705 0.904 0.032 0.031
0 0.088 0.13 0.031 0.025
