0 0.35 0.405 0.072 0.086
0 0.363 0.56 0.042 0.114
0 0.341 0.717 0.037 0.059
0 0.381 0.699 0.026 0.035
0 0.407 0.746 0.02 0.024
0 0.509 0.624 0.037 0.05
0 0.388 0.829 0.072 0.036
0 0.363 0.904 0.046 0.062
0 0.397 0.961 0.04 0.028
0 0.355 0.983 0.031 0.02
0 0.156 0.792 0.045 0.047
0 0.162 0.855 0.049 0.05
0 0.162 0.949 0.06 0.09
0 0.061 0.943 0.036 0.025
0 0.022 0.855 0.025 0.062
0 0.061 0.826 0.022 0.019
0 0.061 0.853 0.018 0.018
0 0.153 0.64 0.056 0.046
0 0.177 0.548 0.058 0.101
0 0.013 0.534 0.025 0.063
0 0.069 0.544 0.041 0.047
0 0.17 0.321 0.05 0.028
0 0.195 0.391 0.049 0.064
0 0.155 0.435 0.031 0.027
0 0.081 0.438 0.037 0.02
0 0.056 0.074 0.062 0.057
0 0.336 0.04 0.034 0.075
0 0.402 0.062 0.052 0.047
0 0.359 0.266 0.057 0.055
0 0.419 0.266 0.031 0.062
0 0.36 0.199 0.039 0.034
0 0.179 0.733 0.044 0.035
0 0.691 0.08 0.049 0.089
0 0.597 0.394 0.106 0.212
0 0.805 0.632 0.158 0.171
0 0.739 0.48 0.068 0.114
