0 0.57 0.444 0.045 0.031
0 0.583 0.413 0.036 0.03
0 0.65 0.091 0.205 0.163
0 0.615 0.216 0.071 0.079
0 0.826 0.142 0.072 0.041
0 0.888 0.143 0.03 0.055
0 0.86 0.235 0.03 0.035
0 0.844 0.299 0.048 0.077
0 0.848 0.372 0.032 0.019
0 0.845 0.402 0.045 0.025
0 0.837 0.497 0.031 0.037
0 0.865 0.59 0.034 0.037
0 0.802 0.612 0.038 0.023
0 0.85 0.957 0.073 0.075
0 0.976 0.181 0.045 0.048
0 0.969 0.289 0.06 0.043
0 0.421 0.733 0.029 0.028
0 0.429 0.67 0.028 0.022
0 0.412 0.85 0.038 0.029
0 0.439 0.559 0.033 0.032
0 0.422 0.095 0.048 0.066
0 0.423 0.026 0.036 0.044
0 0.607 0.305 0.057 0.042
0 0.643 0.712 0.039 0.026
0 0.637 0.784 0.035 0.032
0 0.754 0.774 0.052 0.049
0 0.959 0.744 0.05 0.052
0 0.434 0.35 0.064 0.042
0 0.488 0.306 0.036 0.028
