0 0.024 0.641 0.023 0.046
0 0.09 0.367 0.05 0.095
0 0.09 0.522 0.025 0.037
0 0.072 0.768 0.056 0.154
0 0.014 0.768 0.028 0.041
0 0.218 0.669 0.069 0.042
0 0.198 0.725 0.04 0.045
0 0.256 0.789 0.096 0.069
0 0.189 0.909 0.066 0.117
0 0.576 0.496 0.027 0.024
0 0.606 0.527 0.048 0.018
0 0.611 0.558 0.041 0.024
0 0.598 0.633 0.033 0.029
0 0.589 0.671 0.032 0.021
0 0.609 0.699 0.027 0.021
0 0.606 0.751 0.042 0.018
0 0.624 0.955 0.109 0.09
0 0.525 0.858 0.094 0.073
0 0.153 0.509 0.039 0.037
0 0.192 0.46 0.042 0.024
0 0.25 0.454 0.035 0.022
0 0.197 0.49 0.036 0.023
0 0.248 0.5 0.036 0.016
0 0.193 0.581 0.051 0.033
0 0.231 0.309 0.038 0.04
0 0.17 0.239 0.036 0.032
0 0.269 0.05 0.081 0.078
0 0.181 0.029 0.026 0.05
0 0.215 0.044 0.023 0.025
0 0.425 0.284 0.026 0.044
0 0.418 0.322 0.023 0.024
0 0.485 0.286 0.029 0.027
0 0.625 0.13 0.028 0.031
0 0.961 0.83 0.078 0.044
