0 0.645 0.431 0.109 0.116
0 0.47 0.432 0.051 0.037
0 0.661 0.252 0.05 0.089
0 0.048 0.203 0.042 0.105
0 0.074 0.036 0.032 0.069
0 0.144 0.017 0.049 0.028
0 0.134 0.17 0.063 0.244
0 0.086 0.255 0.029 0.095
0 0.135 0.314 0.048 0.032
0 0.034 0.371 0.028 0.053
0 0.084 0.42 0.039 0.059
0 0.13 0.403 0.037 0.036
0 0.124 0.493 0.045 0.111
0 0.064 0.496 0.018 0.017
0 0.12 0.582 0.036 0.053
0 0.15 0.583 0.018 0.035
0 0.132 0.648 0.028 0.051
0 0.155 0.705 0.037 0.021
0 0.137 0.751 0.027 0.028
0 0.15 0.725 0.024 0.012
0 0.043 0.823 0.021 0.03
0 0.132 0.875 0.031 0.052
0 0.13 0.933 0.044 0.034
0 0.151 0.965 0.053 0.024
0 0.116 0.986 0.024 0.018
0 0.252 0.867 0.033 0.031
0 0.259 0.945 0.039 0.042
0 0.229 0.991 0.015 0.012
0 0.182 0.43 0.035 0.014
0 0.167 0.478 0.033 0.026
0 0.183 0.388 0.033 0.058
0 0.132 0.345 0.025 0.02
0 0.134 0.372 0.032 0.017
0 0.258 0.415 0.039 0.053
0 0.218 0.423 0.014 0.021
0 0.301 0.491 0.072 0.047
0 0.268 0.287 0.039 0.035
0 0.291 0.21 0.036 0.039
0 0.191 0.217 0.022 0.042
0 0.201 0.067 0.012 0.012
0 0.343 0.178 0.03 0.056
0 0.411 0.541 0.045 0.032
0 0.431 0.143 0.031 0.066
0 0.454 0.646 0.067 0.048
0 0.508 0.741 0.056 0.037
0 0.614 0.826 0.075 0.146
