0 0.083 0.206 0.115 0.191
0 0.275 0.037 0.08 0.072
0 0.475 0.26 0.116 0.184
0 0.423 0.408 0.111 0.096
0 0.64 0.253 0.074 0.102
0 0.586 0.042 0.076 0.079
0 0.817 0.463 0.122 0.149
0 0.872 0.575 0.04 0.045
0 0.97 0.271 0.059 0.136
0 0.832 0.215 0.026 0.045
0 0.521 0.582 0.061 0.105
0 0.613 0.633 0.107 0.174
0 0.731 0.704 0.12 0.26
0 0.59 0.826 0.067 0.179
0 0.687 0.95 0.077 0.101
0 0.781 0.944 0.05 0.093
0 0.899 0.965 0.061 0.071
0 0.422 0.724 0.077 0.214
0 0.499 0.751 0.069 0.179
0 0.196 0.83 0.202 0.321
