0 0.156 0.554 0.037 0.035
0 0.228 0.521 0.042 0.039
0 0.366 0.571 0.042 0.039
0 0.485 0.677 0.071 0.055
0 0.493 0.855 0.049 0.054
0 0.581 0.861 0.05 0.091
0 0.769 0.635 0.049 0.055
0 0.872 0.927 0.144 0.108
0 0.803 0.847 0.047 0.029
0 0.24 0.186 0.035 0.03
0 0.25 0.154 0.013 0.013
0 0.479 0.113 0.064 0.085
0 0.487 0.187 0.046 0.039
0 0.812 0.117 0.046 0.049
0 0.911 0.1 0.025 0.056
0 0.092 0.854 0.032 0.017
0 0.098 0.766 0.026 0.017
0 0.095 0.792 0.023 0.023
0 0.094 0.65 0.024 0.018
0 0.359 0.806 0.023 0.031
0 0.229 0.989 0.016 0.022
0 0.824 0.674 0.026 0.02
