0 0.763 0.206 0.137 0.124
0 0.632 0.304 0.096 0.089
0 0.598 0.432 0.066 0.073
0 0.618 0.632 0.066 0.098
0 0.23 0.912 0.055 0.058
0 0.278 0.846 0.038 0.046
0 0.15 0.941 0.041 0.048
0 0.149 0.878 0.029 0.036
0 0.474 0.897 0.062 0.097
0 0.256 0.594 0.047 0.057
0 0.144 0.376 0.056 0.165
0 0.146 0.564 0.04 0.041
0 0.137 0.653 0.044 0.041
0 0.145 0.747 0.045 0.034
0 0.132 0.131 0.074 0.167
0 0.469 0.009 0.014 0.013
0 0.27 0.024 0.071 0.031
0 0.573 0.049 0.035 0.035
0 0.656 0.069 0.026 0.032
0 0.439 0.746 0.042 0.028
0 0.02 0.651 0.026 0.047
0 0.012 0.586 0.022 0.036
