0 0.571 0.053 0.069 0.089
0 0.482 0.104 0.061 0.085
0 0.663 0.333 0.06 0.063
0 0.814 0.411 0.04 0.063
0 0.862 0.566 0.059 0.077
0 0.445 0.687 0.037 0.087
0 0.364 0.684 0.075 0.047
0 0.286 0.753 0.039 0.027
0 0.251 0.711 0.03 0.05
0 0.139 0.603 0.04 0.027
0 0.46 0.846 0.07 0.047
0 0.484 0.896 0.066 0.04
0 0.443 0.964 0.074 0.025
0 0.724 0.931 0.047 0.098
0 0.638 0.942 0.047 0.032
0 0.464 0.38 0.057 0.095
0 0.431 0.493 0.058 0.039
0 0.317 0.512 0.073 0.03
0 0.23 0.03 0.05 0.052
0 0.112 0.129 0.043 0.037
0 0.116 0.161 0.035 0.022
0 0.111 0.188 0.044 0.024
0 0.095 0.228 0.026 0.025
0 0.096 0.266 0.033 0.023
0 0.085 0.312 0.039 0.058
0 0.131 0.36 0.033 0.028
0 0.09 0.424 0.046 0.085
0 0.087 0.361 0.02 0.016
0 0.251 0.293 0.04 0.04
0 0.267 0.367 0.069 0.035
0 0.305 0.407 0.05 0.036
0 0.215 0.34 0.026 0.02
0 0.205 0.406 0.013 0.03
0 0.234 0.876 0.036 0.033
0 0.133 0.898 0.028 0.028
0 0.802 0.048 0.025 0.061
0 0.498 0.74 0.034 0.034
