0 0.141 0.737 0.032 0.048
0 0.194 0.716 0.031 0.026
0 0.268 0.772 0.05 0.062
0 0.282 0.831 0.032 0.052
0 0.273 0.866 0.014 0.017
0 0.287 0.896 0.03 0.021
0 0.291 0.924 0.025 0.028
0 0.259 0.899 0.019 0.032
0 0.155 0.922 0.037 0.03
0 0.136 0.99 0.034 0.02
0 0.436 0.757 0.058 0.136
0 0.427 0.848 0.028 0.026
0 0.287 0.629 0.037 0.024
0 0.278 0.536 0.03 0.021
0 0.276 0.588 0.034 0.022
0 0.146 0.428 0.038 0.036
0 0.192 0.482 0.029 0.036
0 0.284 0.397 0.045 0.063
0 0.248 0.381 0.019 0.024
0 0.152 0.222 0.032 0.055
0 0.156 0.3 0.045 0.043
0 0.169 0.341 0.029 0.026
0 0.238 0.304 0.031 0.027
0 0.232 0.343 0.023 0.017
0 0.161 0.12 0.034 0.049
0 0.283 0.095 0.058 0.077
0 0.269 0.163 0.047 0.035
0 0.467 0.288 0.038 0.062
0 0.452 0.384 0.023 0.023
0 0.658 0.833 0.115 0.085
0 0.666 0.927 0.041 0.079
0 0.712 0.915 0.034 0.055
0 0.621 0.276 0.062 0.032
0 0.667 0.357 0.123 0.105
0 0.767 0.239 0.036 0.07
0 0.58 0.169 0.032 0.038
