0 0.411 0.05 0.079 0.056
0 0.596 0.02 0.088 0.039
0 0.73 0.051 0.057 0.098
0 0.667 0.118 0.051 0.029
0 0.601 0.207 0.035 0.041
0 0.385 0.198 0.048 0.012
0 0.39 0.227 0.04 0.029
0 0.453 0.241 0.049 0.048
0 0.412 0.289 0.062 0.051
0 0.475 0.331 0.039 0.032
0 0.481 0.389 0.052 0.038
0 0.376 0.366 0.061 0.085
0 0.421 0.376 0.024 0.014
0 0.428 0.437 0.055 0.036
0 0.385 0.743 0.071 0.297
0 0.467 0.798 0.03 0.036
0 0.668 0.87 0.098 0.134
0 0.374 0.98 0.061 0.025
0 0.401 0.91 0.04 0.033
0 0.38 0.937 0.03 0.021
0 0.238 0.909 0.052 0.047
0 0.231 0.97 0.045 0.044
0 0.236 0.838 0.048 0.052
0 0.181 0.771 0.042 0.069
0 0.224 0.721 0.07 0.056
0 0.263 0.542 0.07 0.108
0 0.233 0.455 0.046 0.034
0 0.164 0.402 0.054 0.036
0 0.101 0.432 0.068 0.04
0 0.018 0.427 0.032 0.04
0 0.011 0.72 0.022 0.071
0 0.039 0.926 0.057 0.121
0 0.101 0.875 0.035 0.04
0 0.111 0.795 0.031 0.049
0 0.107 0.729 0.026 0.032
0 0.184 0.623 0.042 0.06
0 0.192 0.673 0.041 0.024
0 0.218 0.166 0.05 0.048
0 0.22 0.244 0.06 0.087
0 0.199 0.047 0.07 0.082
0 0.112 0.035 0.044 0.032
0 0.121 0.086 0.05 0.041
0 0.117 0.161 0.064 0.062
0 0.015 0.335 0.026 0.067
0 0.116 0.348 0.024 0.034
0 0.58 0.968 0.058 0.046
0 0.09 0.523 0.033 0.076
0 0.035 0.537 0.04 0.044
0 0.053 0.779 0.037 0.046
0 0.018 0.115 0.028 0.045
0 0.014 0.05 0.018 0.036
