0 0.588 0.59 0.057 0.051
0 0.59 0.495 0.071 0.06
0 0.094 0.787 0.052 0.03
0 0.022 0.435 0.033 0.054
0 0.109 0.538 0.043 0.055
0 0.047 0.659 0.04 0.053
0 0.053 0.614 0.035 0.021
0 0.308 0.116 0.042 0.025
0 0.301 0.179 0.047 0.058
0 0.362 0.221 0.045 0.04
0 0.408 0.317 0.039 0.044
0 0.337 0.36 0.029 0.039
0 0.442 0.879 0.04 0.041
0 0.392 0.945 0.048 0.068
0 0.589 0.204 0.075 0.059
0 0.596 0.265 0.029 0.036
0 0.581 0.071 0.048 0.083
0 0.594 0.971 0.034 0.039
0 0.575 0.809 0.019 0.031
0 0.631 0.983 0.015 0.025
