0 0.661 0.928 0.164 0.143
0 0.642 0.666 0.047 0.095
0 0.616 0.552 0.067 0.083
0 0.617 0.181 0.066 0.079
0 0.564 0.182 0.028 0.04
0 0.238 0.835 0.053 0.044
0 0.21 0.788 0.026 0.03
0 0.216 0.663 0.092 0.079
0 0.234 0.551 0.072 0.038
0 0.241 0.459 0.055 0.043
0 0.195 0.447 0.024 0.024
0 0.23 0.237 0.038 0.047
0 0.253 0.194 0.028 0.054
0 0.224 0.083 0.053 0.074
0 0.047 0.924 0.041 0.049
0 0.023 0.868 0.033 0.035
0 0.072 0.598 0.05 0.03
0 0.074 0.173 0.051 0.041
0 0.069 0.412 0.041 0.019
0 0.029 0.477 0.041 0.026
0 0.494 0.633 0.055 0.031
