0 0.552 0.351 0.057 0.089
0 0.59 0.23 0.044 0.059
0 0.221 0.221 0.052 0.044
0 0.104 0.566 0.033 0.042
0 0.227 0.681 0.039 0.084
0 0.423 0.841 0.025 0.026
0 0.629 0.802 0.023 0.025
0 0.59 0.781 0.021 0.026
0 0.534 0.781 0.027 0.037
0 0.584 0.859 0.018 0.049
0 0.622 0.86 0.041 0.056
0 0.676 0.919 0.061 0.036
0 0.663 0.866 0.018 0.021
0 0.396 0.432 0.015 0.085
0 0.142 0.873 0.025 0.038
0 0.26 0.826 0.042 0.02
0 0.224 0.856 0.038 0.035
0 0.172 0.93 0.062 0.036
0 0.071 0.985 0.044 0.021
0 0.126 0.794 0.03 0.038
0 0.719 0.48 0.066 0.1
0 0.636 0.571 0.041 0.046
0 0.5 0.496 0.056 0.057
0 0.558 0.5 0.027 0.029
0 0.585 0.463 0.032 0.027
0 0.498 0.703 0.049 0.039
0 0.86 0.303 0.025 0.039
