0 0.011 0.619 0.022 0.018
0 0.049 0.582 0.037 0.024
0 0.011 0.548 0.022 0.049
0 0.06 0.744 0.045 0.035
0 0.055 0.672 0.04 0.038
0 0.01 0.661 0.02 0.02
0 0.011 0.702 0.022 0.02
0 0.013 0.728 0.016 0.016
0 0.013 0.776 0.026 0.031
0 0.013 0.866 0.025 0.029
0 0.06 0.956 0.033 0.088
0 0.017 0.953 0.032 0.087
0 0.399 0.641 0.043 0.077
0 0.504 0.6 0.032 0.055
0 0.486 0.695 0.05 0.035
0 0.42 0.912 0.047 0.048
0 0.477 0.955 0.044 0.044
0 0.405 0.974 0.029 0.044
0 0.377 0.981 0.016 0.028
0 0.589 0.372 0.079 0.11
0 0.528 0.368 0.038 0.039
0 0.445 0.341 0.034 0.049
0 0.444 0.128 0.019 0.024
0 0.96 0.77 0.08 0.126
0 0.962 0.89 0.074 0.057
0 0.432 0.26 0.032 0.025
