0 0.717 0.022 0.044 0.035
0 0.664 0.082 0.057 0.051
0 0.684 0.563 0.124 0.874
0 0.509 0.515 0.015 0.046
0 0.538 0.562 0.025 0.051
0 0.459 0.569 0.046 0.039
0 0.444 0.611 0.079 0.035
0 0.541 0.657 0.031 0.037
0 0.598 0.648 0.035 0.057
0 0.576 0.811 0.079 0.114
0 0.557 0.942 0.081 0.099
0 0.106 0.771 0.032 0.048
0 0.138 0.451 0.057 0.077
0 0.023 0.493 0.033 0.026
0 0.022 0.561 0.042 0.045
0 0.115 0.574 0.056 0.063
0 0.156 0.136 0.064 0.038
0 0.14 0.215 0.11 0.092
0 0.032 0.068 0.035 0.041
0 0.513 0.113 0.042 0.045
0 0.594 0.279 0.047 0.207
0 0.412 0.849 0.048 0.044
0 0.088 0.956 0.026 0.042
