0 0.014 0.856 0.025 0.087
0 0.012 0.963 0.022 0.037
0 0.113 0.796 0.043 0.079
0 0.124 0.555 0.043 0.069
0 0.13 0.272 0.061 0.08
0 0.116 0.126 0.053 0.051
0 0.125 0.026 0.042 0.043
0 0.237 0.014 0.038 0.024
0 0.287 0.147 0.052 0.09
0 0.234 0.351 0.05 0.063
0 0.18 0.293 0.033 0.035
0 0.247 0.291 0.043 0.023
0 0.299 0.397 0.069 0.074
0 0.271 0.695 0.053 0.042
0 0.265 0.638 0.035 0.028
0 0.297 0.551 0.045 0.029
0 0.314 0.757 0.076 0.03
0 0.669 0.806 0.038 0.042
0 0.653 0.899 0.067 0.032
0 0.6 0.984 0.08 0.032
0 0.513 0.986 0.067 0.023
0 0.641 0.943 0.037 0.021
0 0.695 0.265 0.081 0.099
0 0.629 0.208 0.04 0.06
0 0.539 0.079 0.046 0.055
0 0.759 0.146 0.06 0.044
0 0.705 0.39 0.03 0.022
0 0.734 0.357 0.019 0.042
0 0.076 0.615 0.034 0.055
0 0.126 0.683 0.027 0.027
0 0.068 0.302 0.036 0.033
0 0.093 0.192 0.019 0.035
0 0.22 0.929 0.017 0.023
0 0.238 0.96 0.036 0.026
0 0.475 0.862 0.018 0.025
