0 0.427 0.146 0.054 0.066
0 0.412 0.039 0.026 0.046
0 0.462 0.028 0.019 0.031
0 0.452 0.074 0.046 0.039
0 0.016 0.549 0.031 0.107
0 0.052 0.514 0.036 0.076
0 0.023 0.201 0.035 0.054
0 0.631 0.35 0.035 0.044
0 0.402 0.552 0.027 0.029
0 0.454 0.547 0.017 0.031
0 0.542 0.607 0.04 0.059
0 0.508 0.783 0.029 0.031
0 0.629 0.749 0.053 0.065
0 0.716 0.941 0.03 0.051
0 0.754 0.962 0.02 0.037
0 0.648 0.923 0.034 0.05
0 0.691 0.089 0.064 0.078
0 0.599 0.852 0.023 0.027
0 0.408 0.357 0.022 0.035
0 0.383 0.315 0.019 0.023
0 0.376 0.12 0.019 0.044
0 0.367 0.183 0.013 0.033
