0 0.042 0.414 0.084 0.289
0 0.041 0.195 0.056 0.103
0 0.267 0.122 0.113 0.183
0 0.469 0.294 0.06 0.099
0 0.604 0.136 0.128 0.121
0 0.589 0.268 0.1 0.045
0 0.604 0.476 0.188 0.3
0 0.504 0.738 0.079 0.096
0 0.563 0.677 0.053 0.101
0 0.604 0.801 0.101 0.128
0 0.575 0.94 0.115 0.116
0 0.171 0.901 0.062 0.129
0 0.237 0.959 0.05 0.082
0 0.942 0.055 0.106 0.093
0 0.899 0.178 0.183 0.131
0 0.918 0.342 0.159 0.104
0 0.826 0.452 0.023 0.03
0 0.962 0.438 0.064 0.06
0 0.93 0.556 0.139 0.164
0 0.954 0.711 0.091 0.127
0 0.211 0.636 0.033 0.035
0 0.096 0.631 0.048 0.079
