0 0.499 0.882 0.021 0.034
0 0.536 0.915 0.026 0.047
0 0.561 0.927 0.015 0.042
0 0.599 0.937 0.023 0.033
0 0.405 0.933 0.024 0.039
0 0.377 0.915 0.016 0.03
0 0.389 0.425 0.145 0.115
0 0.38 0.279 0.037 0.042
0 0.444 0.311 0.059 0.057
0 0.459 0.147 0.033 0.074
0 0.337 0.074 0.08 0.139
0 0.413 0.076 0.034 0.062
0 0.627 0.4 0.019 0.025
0 0.62 0.454 0.031 0.029
0 0.545 0.289 0.027 0.046
0 0.52 0.233 0.029 0.027
0 0.653 0.306 0.043 0.034
0 0.583 0.223 0.06 0.046
0 0.537 0.684 0.04 0.054
0 0.587 0.716 0.031 0.038
0 0.467 0.615 0.043 0.071
0 0.395 0.683 0.035 0.06
0 0.391 0.593 0.018 0.047
0 0.338 0.574 0.03 0.039
0 0.319 0.615 0.055 0.023
0 0.327 0.71 0.028 0.026
0 0.572 0.542 0.016 0.031
0 0.607 0.591 0.037 0.067
0 0.534 0.587 0.021 0.029
0 0.33 0.297 0.028 0.037
0 0.339 0.252 0.019 0.024
0 0.576 0.299 0.023 0.029
