0 0.561 0.263 0.041 0.08
0 0.657 0.066 0.057 0.06
0 0.599 0.024 0.038 0.044
0 0.544 0.192 0.031 0.034
0 0.508 0.163 0.012 0.017
0 0.547 0.414 0.016 0.029
0 0.566 0.456 0.027 0.044
0 0.415 0.504 0.024 0.031
0 0.338 0.153 0.046 0.065
0 0.394 0.235 0.066 0.041
0 0.364 0.314 0.057 0.043
0 0.418 0.107 0.015 0.033
0 0.06 0.049 0.035 0.096
0 0.007 0.027 0.011 0.022
0 0.378 0.908 0.056 0.104
0 0.441 0.941 0.046 0.061
0 0.415 0.6 0.03 0.031
0 0.465 0.661 0.047 0.058
0 0.468 0.512 0.031 0.036
0 0.6 0.918 0.016 0.03
0 0.628 0.949 0.02 0.035
0 0.607 0.984 0.021 0.029
0 0.62 0.738 0.049 0.044
0 0.575 0.854 0.041 0.052
0 0.039 0.596 0.043 0.042
