0 0.308 0.233 0.038 0.047
0 0.269 0.253 0.021 0.024
0 0.016 0.76 0.024 0.045
0 0.071 0.803 0.032 0.046
0 0.029 0.897 0.044 0.038
0 0.525 0.94 0.056 0.093
0 0.633 0.752 0.045 0.038
0 0.541 0.429 0.062 0.077
0 0.62 0.211 0.048 0.053
0 0.556 0.149 0.017 0.032
0 0.596 0.111 0.021 0.045
0 0.506 0.196 0.028 0.049
0 0.477 0.098 0.02 0.042
0 0.639 0.965 0.031 0.057
0 0.048 0.137 0.043 0.059
0 0.49 0.58 0.026 0.036
0 0.279 0.406 0.03 0.04
0 0.857 0.523 0.043 0.034
0 0.732 0.328 0.013 0.024
0 0.75 0.331 0.01 0.02
0 0.771 0.395 0.038 0.052
