0 0.129 0.852 0.028 0.025
0 0.109 0.921 0.033 0.028
0 0.215 0.716 0.025 0.035
0 0.191 0.75 0.022 0.018
0 0.136 0.657 0.028 0.018
0 0.236 0.336 0.027 0.023
0 0.29 0.286 0.016 0.018
0 0.221 0.207 0.02 0.027
0 0.24 0.166 0.028 0.019
0 0.122 0.246 0.017 0.026
0 0.136 0.38 0.025 0.023
0 0.287 0.498 0.033 0.04
0 0.292 0.604 0.02 0.026
0 0.276 0.634 0.029 0.022
0 0.29 0.72 0.039 0.033
0 0.25 0.798 0.021 0.019
0 0.265 0.971 0.015 0.015
0 0.301 0.96 0.017 0.019
0 0.486 0.764 0.024 0.068
0 0.652 0.835 0.03 0.08
0 0.72 0.844 0.015 0.027
0 0.51 0.444 0.042 0.034
0 0.497 0.347 0.035 0.049
0 0.374 0.333 0.076 0.143
0 0.581 0.081 0.048 0.025
0 0.528 0.124 0.022 0.021
0 0.583 0.298 0.019 0.028
0 0.585 0.517 0.016 0.03
0 0.503 0.994 0.019 0.013
