0 0.821 0.325 0.086 0.123
0 0.599 0.314 0.074 0.062
0 0.237 0.83 0.076 0.141
0 0.334 0.393 0.03 0.031
0 0.294 0.297 0.043 0.034
0 0.426 0.229 0.054 0.044
0 0.31 0.117 0.058 0.061
0 0.278 0.048 0.049 0.037
0 0.55 0.017 0.028 0.025
0 0.815 0.16 0.047 0.058
0 0.778 0.745 0.085 0.07
0 0.665 0.895 0.064 0.057
0 0.335 0.913 0.037 0.071
0 0.492 0.368 0.033 0.067
0 0.552 0.425 0.035 0.042
0 0.791 0.037 0.04 0.061
0 0.039 0.66 0.061 0.026
0 0.022 0.696 0.033 0.04
0 0.057 0.777 0.025 0.041
0 0.008 0.926 0.013 0.022
0 0.056 0.995 0.022 0.01
0 0.051 0.454 0.034 0.032
0 0.024 0.529 0.022 0.043
0 0.024 0.578 0.029 0.021
0 0.059 0.579 0.023 0.024
0 0.016 0.03 0.031 0.057
0 0.073 0.048 0.036 0.078
0 0.044 0.084 0.018 0.061
0 0.023 0.096 0.019 0.03
0 0.056 0.211 0.03 0.027
0 0.058 0.259 0.024 0.025
0 0.026 0.241 0.018 0.021
0 0.003 0.294 0.005 0.035
0 0.017 0.3 0.012 0.02
0 0.053 0.324 0.029 0.033
0 0.03 0.361 0.021 0.029
0 0.056 0.72 0.022 0.018
0 0.022 0.745 0.021 0.016
