0 0.662 0.467 0.053 0.085
0 0.466 0.329 0.054 0.031
0 0.446 0.449 0.04 0.06
0 0.447 0.564 0.055 0.04
0 0.461 0.666 0.059 0.052
0 0.542 0.95 0.046 0.022
0 0.214 0.804 0.067 0.05
0 0.198 0.852 0.032 0.03
0 0.199 0.659 0.055 0.051
0 0.255 0.302 0.034 0.047
0 0.199 0.303 0.029 0.033
0 0.115 0.967 0.04 0.054
0 0.08 0.791 0.024 0.023
0 0.086 0.756 0.021 0.013
0 0.109 0.43 0.022 0.05
0 0.092 0.354 0.025 0.03
0 0.093 0.198 0.026 0.019
0 0.2 0.074 0.04 0.031
0 0.221 0.029 0.04 0.031
0 0.082 0.128 0.036 0.05
0 0.504 0.077 0.014 0.026
0 0.553 0.133 0.028 0.035
0 0.568 0.249 0.017 0.053
0 0.531 0.241 0.029 0.025
0 0.557 0.187 0.026 0.022
0 0.606 0.724 0.085 0.03
0 0.58 0.778 0.043 0.046
0 0.087 0.035 0.024 0.017
0 0.088 0.061 0.026 0.016
0 0.242 0.361 0.023 0.025
0 0.215 0.136 0.025 0.025
0 0.169 0.163 0.027 0.031
0 0.209 0.166 0.017 0.018
0 0.24 0.24 0.035 0.043
0 0.245 0.582 0.023 0.022
