0 0.077 0.787 0.154 0.324
0 0.278 0.36 0.107 0.11
0 0.321 0.206 0.125 0.174
0 0.489 0.201 0.084 0.107
0 0.667 0.392 0.115 0.139
0 0.727 0.506 0.032 0.045
0 0.291 0.675 0.089 0.214
0 0.364 0.678 0.05 0.145
0 0.449 0.764 0.066 0.186
0 0.375 0.53 0.055 0.095
0 0.467 0.57 0.108 0.168
0 0.581 0.642 0.114 0.236
0 0.539 0.913 0.089 0.173
0 0.373 0.967 0.044 0.065
0 0.636 0.865 0.05 0.078
0 0.748 0.885 0.055 0.074
0 0.752 0.979 0.054 0.042
0 0.974 0.689 0.052 0.092
0 0.83 0.204 0.09 0.146
0 0.968 0.067 0.059 0.132
0 0.684 0.151 0.028 0.037
