0 0.488 0.74 0.026 0.062
0 0.545 0.755 0.049 0.044
0 0.569 0.85 0.047 0.03
0 0.516 0.96 0.04 0.028
0 0.428 0.982 0.037 0.025
0 0.399 0.944 0.025 0.019
0 0.197 0.805 0.053 0.037
0 0.216 0.753 0.052 0.027
0 0.195 0.706 0.046 0.022
0 0.215 0.538 0.031 0.024
0 0.199 0.577 0.022 0.025
0 0.113 0.136 0.076 0.109
0 0.205 0.254 0.043 0.036
0 0.526 0.223 0.077 0.064
0 0.401 0.128 0.068 0.054
0 0.397 0.063 0.063 0.054
0 0.464 0.332 0.038 0.031
0 0.594 0.97 0.017 0.024
0 0.137 0.991 0.03 0.019
0 0.123 0.658 0.041 0.017
0 0.211 0.415 0.037 0.024
0 0.128 0.352 0.023 0.017
0 0.352 0.181 0.029 0.036
