0 0.555 0.01 0.037 0.02
0 0.643 0.026 0.053 0.041
0 0.577 0.076 0.057 0.079
0 0.626 0.069 0.026 0.022
0 0.593 0.154 0.087 0.084
0 0.654 0.105 0.038 0.041
0 0.572 0.22 0.066 0.035
0 0.586 0.31 0.122 0.098
0 0.637 0.42 0.1 0.091
0 0.098 0.228 0.104 0.089
0 0.078 0.523 0.072 0.06
0 0.139 0.612 0.069 0.065
0 0.068 0.642 0.04 0.044
0 0.028 0.602 0.029 0.023
0 0.093 0.834 0.032 0.06
0 0.03 0.869 0.041 0.026
0 0.142 0.991 0.031 0.018
0 0.601 0.873 0.058 0.098
0 0.69 0.922 0.093 0.092
0 0.419 0.934 0.07 0.049
0 0.396 0.514 0.064 0.068
