0 0.122 0.154 0.046 0.068
0 0.439 0.178 0.047 0.092
0 0.566 0.342 0.055 0.075
0 0.52 0.366 0.028 0.033
0 0.717 0.666 0.045 0.061
0 0.771 0.773 0.053 0.133
0 0.854 0.836 0.081 0.052
0 0.78 0.897 0.028 0.044
0 0.613 0.957 0.097 0.082
0 0.516 0.864 0.095 0.073
0 0.501 0.653 0.071 0.043
0 0.157 0.602 0.032 0.064
0 0.031 0.946 0.062 0.084
0 0.072 0.382 0.026 0.036
0 0.845 0.148 0.065 0.074
0 0.96 0.131 0.06 0.121
0 0.822 0.091 0.037 0.028
0 0.987 0.277 0.02 0.051
0 0.937 0.297 0.028 0.033
0 0.778 0.355 0.05 0.11
0 0.832 0.397 0.04 0.05
0 0.758 0.469 0.063 0.062
0 0.903 0.547 0.021 0.043
0 0.964 0.524 0.031 0.041
0 0.989 0.48 0.022 0.027
0 0.989 0.57 0.02 0.014
0 0.117 0.032 0.022 0.043
0 0.571 0.052 0.051 0.038
0 0.562 0.01 0.014 0.019
0 0.556 0.163 0.037 0.029
0 0.974 0.897 0.028 0.051
