0 0.239 0.371 0.058 0.069
0 0.12 0.247 0.051 0.059
0 0.252 0.182 0.069 0.128
0 0.282 0.081 0.042 0.043
0 0.453 0.066 0.057 0.071
0 0.441 0.145 0.062 0.063
0 0.073 0.707 0.073 0.198
0 0.033 0.6 0.033 0.053
0 0.022 0.838 0.024 0.042
0 0.066 0.921 0.042 0.149
0 0.023 0.94 0.028 0.089
0 0.114 0.949 0.03 0.09
0 0.587 0.804 0.047 0.036
0 0.383 0.705 0.082 0.136
0 0.702 0.621 0.058 0.08
0 0.636 0.633 0.032 0.045
0 0.705 0.047 0.094 0.068
0 0.76 0.162 0.078 0.129
0 0.724 0.3 0.075 0.135
0 0.491 0.39 0.058 0.052
0 0.547 0.314 0.057 0.054
0 0.221 0.525 0.071 0.106
0 0.221 0.757 0.033 0.033
0 0.675 0.945 0.064 0.091
0 0.737 0.936 0.032 0.086
0 0.789 0.925 0.05 0.096
0 0.657 0.398 0.026 0.041
0 0.739 0.411 0.12 0.079
0 0.427 0.571 0.085 0.093
0 0.054 0.365 0.057 0.086
0 0.076 0.135 0.057 0.052
0 0.044 0.082 0.025 0.035
0 0.78 0.717 0.036 0.056
0 0.53 0.965 0.055 0.059
0 0.576 0.907 0.044 0.048
0 0.412 0.92 0.05 0.056
0 0.466 0.939 0.029 0.043
