0 0.237 0.051 0.068 0.077
0 0.222 0.158 0.075 0.07
0 0.211 0.319 0.085 0.177
0 0.068 0.562 0.072 0.143
0 0.234 0.53 0.067 0.064
0 0.15 0.587 0.045 0.141
0 0.222 0.734 0.071 0.181
0 0.233 0.923 0.091 0.066
0 0.129 0.884 0.069 0.206
0 0.468 0.709 0.047 0.107
0 0.392 0.215 0.082 0.119
0 0.377 0.037 0.058 0.07
0 0.522 0.143 0.08 0.1
0 0.6 0.123 0.058 0.069
0 0.684 0.02 0.05 0.038
0 0.719 0.543 0.085 0.083
0 0.471 0.425 0.064 0.097
0 0.583 0.736 0.072 0.039
0 0.577 0.821 0.089 0.093
0 0.45 0.973 0.055 0.046
0 0.604 0.23 0.034 0.07
0 0.226 0.85 0.029 0.049
