0 0.492 0.227 0.064 0.071
0 0.481 0.369 0.074 0.131
0 0.6 0.465 0.033 0.047
0 0.634 0.804 0.073 0.091
0 0.344 0.935 0.067 0.079
0 0.411 0.928 0.033 0.085
0 0.464 0.959 0.036 0.076
0 0.543 0.966 0.041 0.025
0 0.517 0.92 0.022 0.024
0 0.611 0.98 0.059 0.039
0 0.612 0.183 0.043 0.073
0 0.326 0.497 0.05 0.042
0 0.334 0.55 0.054 0.031
0 0.339 0.46 0.054 0.022
0 0.388 0.406 0.027 0.049
0 0.383 0.17 0.031 0.02
0 0.358 0.243 0.048 0.049
0 0.382 0.134 0.032 0.025
0 0.072 0.895 0.038 0.034
0 0.067 0.972 0.055 0.043
0 0.633 0.689 0.038 0.041
