0 0.148 0.911 0.148 0.168
0 0.024 0.712 0.045 0.084
0 0.024 0.812 0.041 0.066
0 0.042 0.905 0.043 0.034
0 0.037 0.974 0.039 0.052
0 0.067 0.273 0.038 0.063
0 0.025 0.196 0.03 0.035
0 0.014 0.053 0.027 0.081
0 0.026 0.581 0.031 0.065
0 0.427 0.282 0.037 0.023
0 0.438 0.325 0.038 0.029
0 0.446 0.125 0.024 0.041
0 0.56 0.174 0.055 0.045
0 0.606 0.543 0.045 0.137
0 0.674 0.502 0.042 0.079
0 0.612 0.793 0.062 0.052
0 0.432 0.668 0.05 0.049
0 0.464 0.599 0.051 0.054
0 0.511 0.863 0.038 0.054
0 0.551 0.922 0.048 0.044
0 0.556 0.979 0.061 0.041
0 0.434 0.029 0.053 0.057
0 0.606 0.366 0.025 0.026
0 0.423 0.486 0.034 0.027
0 0.51 0.41 0.022 0.024
