0 0.033 0.053 0.066 0.103
0 0.11 0.02 0.048 0.037
0 0.188 0.146 0.085 0.149
0 0.037 0.187 0.074 0.087
0 0.04 0.278 0.052 0.061
0 0.017 0.462 0.034 0.054
0 0.022 0.64 0.043 0.14
0 0.017 0.889 0.034 0.063
0 0.159 0.881 0.113 0.095
0 0.111 0.132 0.056 0.072
0 0.19 0.144 0.081 0.153
0 0.185 0.37 0.082 0.213
0 0.109 0.715 0.042 0.015
0 0.122 0.75 0.044 0.029
0 0.376 0.081 0.117 0.145
0 0.474 0.048 0.056 0.091
0 0.34 0.645 0.045 0.032
0 0.32 0.729 0.05 0.038
0 0.343 0.68 0.029 0.026
0 0.411 0.638 0.04 0.048
0 0.485 0.603 0.05 0.049
0 0.499 0.557 0.043 0.029
0 0.534 0.82 0.106 0.127
0 0.532 0.944 0.093 0.085
0 0.901 0.912 0.075 0.15
0 0.198 0.58 0.053 0.06
