0 0.438 0.741 0.025 0.029
0 0.393 0.793 0.026 0.027
0 0.45 0.793 0.026 0.021
0 0.41 0.828 0.035 0.023
0 0.459 0.858 0.029 0.031
0 0.489 0.84 0.024 0.035
0 0.55 0.849 0.028 0.026
0 0.534 0.9 0.023 0.026
0 0.557 0.941 0.028 0.03
0 0.62 0.789 0.026 0.07
0 0.698 0.791 0.037 0.06
0 0.701 0.715 0.049 0.038
0 0.665 0.643 0.02 0.036
0 0.682 0.592 0.021 0.026
0 0.65 0.51 0.038 0.037
0 0.629 0.168 0.046 0.054
0 0.603 0.036 0.036 0.057
0 0.305 0.365 0.065 0.045
0 0.359 0.448 0.034 0.034
0 0.416 0.498 0.033 0.076
0 0.328 0.232 0.042 0.047
0 0.369 0.207 0.032 0.027
0 0.279 0.192 0.016 0.02
0 0.415 0.199 0.044 0.073
0 0.428 0.112 0.047 0.047
0 0.379 0.06 0.035 0.044
0 0.417 0.016 0.109 0.025
0 0.604 0.282 0.015 0.029
0 0.421 0.959 0.019 0.031
