0 0.09 0.555 0.048 0.103
0 0.243 0.492 0.074 0.162
0 0.249 0.602 0.014 0.037
0 0.09 0.787 0.038 0.085
0 0.202 0.883 0.045 0.136
0 0.047 0.831 0.019 0.017
0 0.026 0.893 0.019 0.013
0 0.404 0.717 0.045 0.087
0 0.381 0.785 0.062 0.04
0 0.447 0.832 0.051 0.05
0 0.42 0.905 0.034 0.067
0 0.399 0.594 0.032 0.027
0 0.393 0.498 0.044 0.031
0 0.393 0.464 0.026 0.015
0 0.4 0.323 0.046 0.046
0 0.429 0.377 0.042 0.022
0 0.428 0.407 0.034 0.025
0 0.438 0.276 0.043 0.026
0 0.383 0.175 0.07 0.051
0 0.035 0.275 0.031 0.033
0 0.024 0.201 0.02 0.02
0 0.53 0.396 0.069 0.06
0 0.6 0.445 0.043 0.038
0 0.62 0.508 0.034 0.024
0 0.615 0.602 0.077 0.083
0 0.602 0.674 0.043 0.029
0 0.556 0.748 0.043 0.034
0 0.593 0.805 0.035 0.06
0 0.564 0.868 0.039 0.027
0 0.638 0.889 0.05 0.097
0 0.598 0.879 0.02 0.024
0 0.58 0.261 0.036 0.028
