0 0.154 0.304 0.122 0.112
0 0.192 0.145 0.121 0.168
0 0.363 0.137 0.079 0.105
0 0.533 0.321 0.105 0.134
0 0.598 0.437 0.028 0.046
0 0.563 0.1 0.03 0.041
0 0.698 0.134 0.085 0.136
0 0.826 0.06 0.041 0.118
0 0.844 0.606 0.044 0.081
0 0.161 0.592 0.102 0.205
0 0.238 0.602 0.042 0.095
0 0.251 0.462 0.058 0.108
0 0.342 0.505 0.11 0.17
0 0.456 0.573 0.113 0.223
0 0.317 0.679 0.073 0.158
0 0.139 0.978 0.057 0.043
0 0.225 0.874 0.042 0.067
0 0.011 0.819 0.021 0.069
0 0.343 0.927 0.077 0.137
0 0.398 0.795 0.076 0.113
0 0.605 0.793 0.058 0.072
0 0.606 0.926 0.106 0.148
0 0.979 0.78 0.041 0.088
