0 0.498 0.038 0.057 0.067
0 0.509 0.169 0.054 0.077
0 0.417 0.171 0.087 0.065
0 0.212 0.102 0.052 0.053
0 0.23 0.023 0.046 0.041
0 0.186 0.165 0.035 0.039
0 0.183 0.26 0.048 0.033
0 0.182 0.311 0.055 0.04
0 0.165 0.384 0.037 0.065
0 0.252 0.386 0.034 0.056
0 0.203 0.539 0.054 0.03
0 0.291 0.76 0.064 0.081
0 0.28 0.905 0.045 0.046
0 0.246 0.966 0.047 0.054
0 0.164 0.817 0.052 0.043
0 0.487 0.785 0.048 0.053
0 0.565 0.595 0.065 0.056
0 0.516 0.567 0.031 0.044
0 0.387 0.391 0.05 0.038
0 0.172 0.889 0.025 0.025
0 0.496 0.354 0.028 0.075
0 0.509 0.449 0.045 0.032
