0 0.387 0.458 0.047 0.042
0 0.443 0.466 0.03 0.029
0 0.503 0.48 0.059 0.038
0 0.511 0.106 0.053 0.075
0 0.557 0.136 0.036 0.046
0 0.385 0.164 0.039 0.028
0 0.372 0.195 0.028 0.017
0 0.377 0.227 0.036 0.037
0 0.45 0.154 0.033 0.031
0 0.104 0.177 0.041 0.039
0 0.012 0.188 0.02 0.031
0 0.01 0.254 0.019 0.021
0 0.011 0.897 0.021 0.02
0 0.063 0.923 0.02 0.055
0 0.18 0.932 0.037 0.039
0 0.368 0.737 0.058 0.036
0 0.381 0.831 0.049 0.085
0 0.43 0.742 0.037 0.063
0 0.573 0.902 0.057 0.07
0 0.543 0.702 0.039 0.052
0 0.461 0.987 0.037 0.026
0 0.69 0.669 0.079 0.056
0 0.615 0.74 0.028 0.057
0 0.663 0.766 0.044 0.085
0 0.706 0.94 0.089 0.046
0 0.656 0.472 0.026 0.066
0 0.648 0.122 0.032 0.116
0 0.425 0.061 0.031 0.071
0 0.464 0.648 0.054 0.061
