0 0.367 0.182 0.062 0.045
0 0.53 0.024 0.052 0.043
0 0.598 0.104 0.037 0.051
0 0.357 0.251 0.048 0.043
0 0.355 0.445 0.034 0.027
0 0.343 0.481 0.033 0.03
0 0.313 0.446 0.025 0.037
0 0.343 0.317 0.05 0.044
0 0.285 0.286 0.045 0.051
0 0.276 0.107 0.036 0.045
0 0.651 0.408 0.058 0.061
0 0.523 0.727 0.05 0.094
0 0.422 0.918 0.043 0.054
0 0.529 0.961 0.053 0.041
0 0.485 0.943 0.031 0.051
0 0.617 0.952 0.039 0.05
0 0.57 0.804 0.058 0.039
0 0.307 0.793 0.044 0.047
0 0.271 0.817 0.024 0.04
0 0.286 0.918 0.07 0.056
0 0.292 0.71 0.03 0.037
0 0.337 0.608 0.026 0.027
0 0.282 0.647 0.035 0.022
0 0.3 0.673 0.024 0.018
0 0.031 0.509 0.043 0.04
0 0.065 0.464 0.024 0.017
0 0.074 0.541 0.029 0.021
0 0.068 0.569 0.029 0.011
0 0.077 0.608 0.029 0.052
0 0.023 0.613 0.023 0.042
0 0.027 0.576 0.024 0.02
0 0.072 0.951 0.017 0.021
0 0.073 0.988 0.041 0.023
0 0.075 0.875 0.02 0.016
0 0.085 0.919 0.03 0.028
0 0.074 0.797 0.028 0.068
0 0.074 0.734 0.027 0.05
0 0.073 0.678 0.029 0.035
0 0.044 0.711 0.018 0.024
0 0.019 0.713 0.019 0.019
0 0.027 0.742 0.02 0.018
0 0.018 0.768 0.023 0.021
0 0.034 0.791 0.027 0.019
0 0.038 0.812 0.025 0.019
0 0.019 0.849 0.018 0.033
0 0.042 0.873 0.019 0.017
0 0.025 0.889 0.013 0.016
0 0.034 0.917 0.021 0.014
0 0.038 0.932 0.016 0.011
0 0.085 0.363 0.027 0.025
0 0.054 0.35 0.023 0.028
0 0.073 0.437 0.025 0.029
0 0.025 0.414 0.014 0.019
0 0.092 0.26 0.015 0.015
0 0.056 0.274 0.016 0.015
0 0.079 0.197 0.04 0.03
0 0.018 0.127 0.014 0.017
0 0.035 0.121 0.019 0.017
0 0.013 0.17 0.012 0.019
0 0.017 0.204 0.016 0.022
0 0.076 0.037 0.029 0.032
0 0.048 0.039 0.012 0.023
0 0.371 0.127 0.031 0.026
0 0.653 0.914 0.019 0.028
0 0.611 0.258 0.012 0.041
0 0.523 0.259 0.06 0.051
0 0.469 0.267 0.017 0.023
0 0.671 0.523 0.033 0.04
