0 0.064 0.122 0.12 0.192
0 0.183 0.065 0.064 0.124
0 0.231 0.181 0.064 0.071
0 0.461 0.047 0.052 0.083
0 0.571 0.029 0.045 0.044
0 0.646 0.062 0.054 0.109
0 0.271 0.381 0.054 0.047
0 0.065 0.267 0.116 0.06
0 0.166 0.235 0.046 0.043
0 0.157 0.281 0.056 0.03
0 0.111 0.368 0.079 0.053
0 0.11 0.436 0.026 0.014
0 0.117 0.413 0.025 0.009
0 0.098 0.486 0.044 0.052
0 0.206 0.423 0.037 0.034
0 0.206 0.387 0.033 0.022
0 0.284 0.557 0.028 0.021
0 0.304 0.531 0.025 0.018
0 0.289 0.47 0.022 0.022
0 0.267 0.481 0.019 0.014
0 0.011 0.392 0.015 0.1
0 0.044 0.414 0.038 0.067
0 0.024 0.586 0.048 0.049
0 0.089 0.664 0.056 0.044
0 0.039 0.719 0.026 0.032
0 0.087 0.883 0.044 0.049
0 0.074 0.937 0.037 0.026
0 0.051 0.994 0.027 0.01
0 0.006 0.851 0.012 0.022
0 0.255 0.76 0.03 0.022
0 0.268 0.942 0.075 0.107
0 0.19 0.912 0.027 0.032
0 0.431 0.175 0.077 0.043
0 0.438 0.236 0.072 0.062
0 0.56 0.414 0.047 0.058
0 0.652 0.64 0.051 0.033
0 0.495 0.107 0.059 0.025
0 0.52 0.149 0.027 0.029
