0 0.359 0.352 0.059 0.106
0 0.298 0.622 0.038 0.062
0 0.212 0.625 0.048 0.04
0 0.308 0.815 0.041 0.06
0 0.352 0.839 0.032 0.037
0 0.435 0.931 0.028 0.035
0 0.362 0.967 0.048 0.062
0 0.285 0.908 0.058 0.049
0 0.045 0.708 0.037 0.033
0 0.182 0.451 0.062 0.037
0 0.107 0.088 0.042 0.04
0 0.12 0.016 0.036 0.013
0 0.127 0.042 0.042 0.022
0 0.409 0.094 0.06 0.072
0 0.073 0.26 0.045 0.037
0 0.108 0.317 0.033 0.055
0 0.183 0.326 0.024 0.026
0 0.526 0.102 0.062 0.126
0 0.669 0.139 0.062 0.067
0 0.719 0.145 0.019 0.034
0 0.718 0.073 0.026 0.022
0 0.703 0.229 0.019 0.029
0 0.931 0.336 0.016 0.027
0 0.961 0.338 0.032 0.022
0 0.953 0.375 0.029 0.029
0 0.951 0.601 0.03 0.061
0 0.909 0.753 0.065 0.086
0 0.645 0.924 0.029 0.024
0 0.675 0.926 0.022 0.026
0 0.723 0.921 0.034 0.026
0 0.634 0.809 0.056 0.084
0 0.522 0.845 0.021 0.021
0 0.69 0.987 0.031 0.025
0 0.386 0.698 0.029 0.034
0 0.119 0.977 0.03 0.047
0 0.334 0.536 0.031 0.032
