0 0.327 0.818 0.061 0.087
0 0.669 0.846 0.103 0.078
0 0.644 0.932 0.058 0.043
0 0.551 0.92 0.04 0.031
0 0.54 0.987 0.028 0.025
0 0.639 0.985 0.044 0.03
0 0.027 0.892 0.054 0.073
0 0.016 0.952 0.029 0.03
0 0.403 0.48 0.081 0.044
0 0.326 0.491 0.026 0.026
0 0.395 0.562 0.06 0.026
0 0.387 0.636 0.04 0.068
0 0.665 0.478 0.077 0.054
0 0.648 0.577 0.091 0.097
0 0.54 0.418 0.037 0.048
0 0.539 0.297 0.046 0.068
0 0.408 0.042 0.074 0.079
0 0.389 0.111 0.036 0.038
0 0.963 0.234 0.046 0.069
0 0.984 0.062 0.032 0.079
