0 0.063 0.12 0.035 0.117
0 0.121 0.081 0.038 0.066
0 0.121 0.169 0.031 0.074
0 0.167 0.172 0.049 0.052
0 0.224 0.183 0.054 0.077
0 0.249 0.078 0.061 0.085
0 0.173 0.054 0.032 0.061
0 0.207 0.044 0.021 0.04
0 0.242 0.282 0.04 0.108
0 0.192 0.364 0.046 0.049
0 0.245 0.399 0.052 0.081
0 0.097 0.328 0.035 0.036
0 0.103 0.401 0.037 0.035
0 0.157 0.459 0.041 0.033
0 0.152 0.491 0.015 0.027
0 0.195 0.499 0.022 0.021
0 0.236 0.493 0.031 0.035
0 0.162 0.612 0.054 0.043
0 0.103 0.665 0.037 0.041
0 0.165 0.653 0.063 0.029
0 0.096 0.767 0.037 0.067
0 0.22 0.772 0.047 0.087
0 0.219 0.835 0.06 0.032
0 0.102 0.848 0.043 0.033
0 0.151 0.839 0.036 0.038
0 0.089 0.987 0.039 0.022
0 0.179 0.966 0.018 0.021
0 0.447 0.012 0.037 0.024
0 0.389 0.243 0.084 0.052
0 0.41 0.279 0.047 0.019
0 0.409 0.304 0.037 0.024
0 0.429 0.586 0.011 0.017
0 0.686 0.447 0.104 0.174
0 0.617 0.05 0.072 0.075
0 0.707 0.077 0.097 0.088
0 0.953 0.264 0.016 0.017
0 0.647 0.906 0.036 0.064
0 0.986 0.772 0.029 0.025
0 0.417 0.761 0.031 0.025
0 0.116 0.015 0.039 0.028
