0 0.199 0.607 0.085 0.196
0 0.192 0.884 0.04 0.047
0 0.12 0.919 0.046 0.046
0 0.198 0.948 0.028 0.029
0 0.162 0.954 0.023 0.016
0 0.071 0.987 0.058 0.027
0 0.029 0.678 0.053 0.045
0 0.019 0.795 0.035 0.084
0 0.011 0.38 0.021 0.03
0 0.045 0.514 0.029 0.038
0 0.042 0.456 0.028 0.032
0 0.032 0.174 0.044 0.075
0 0.026 0.277 0.047 0.052
0 0.191 0.322 0.047 0.062
0 0.192 0.463 0.054 0.062
0 0.204 0.402 0.049 0.043
0 0.194 0.144 0.05 0.036
0 0.157 0.17 0.016 0.026
0 0.216 0.242 0.057 0.058
0 0.202 0.023 0.079 0.039
0 0.212 0.087 0.055 0.054
0 0.383 0.121 0.049 0.05
0 0.442 0.198 0.089 0.07
0 0.542 0.177 0.062 0.053
0 0.392 0.503 0.024 0.023
0 0.453 0.412 0.028 0.039
0 0.39 0.428 0.012 0.023
0 0.62 0.518 0.053 0.055
0 0.543 0.494 0.038 0.042
0 0.526 0.677 0.052 0.026
0 0.526 0.628 0.035 0.03
0 0.566 0.703 0.032 0.028
0 0.639 0.685 0.037 0.031
0 0.577 0.743 0.028 0.026
0 0.344 0.918 0.066 0.042
0 0.393 0.98 0.042 0.031
0 0.407 0.927 0.037 0.04
0 0.368 0.789 0.05 0.025
0 0.378 0.85 0.028 0.024
0 0.378 0.701 0.034 0.08
0 0.43 0.35 0.06 0.041
0 0.654 0.164 0.023 0.028
0 0.663 0.307 0.023 0.036
0 0.688 0.267 0.02 0.04
0 0.99 0.432 0.021 0.09
0 0.625 0.987 0.025 0.025
