0 0.177 0.173 0.061 0.064
0 0.148 0.255 0.064 0.069
0 0.073 0.149 0.052 0.046
0 0.057 0.026 0.074 0.045
0 0.052 0.226 0.058 0.037
0 0.03 0.315 0.03 0.039
0 0.046 0.273 0.052 0.029
0 0.2 0.455 0.053 0.051
0 0.188 0.732 0.04 0.039
0 0.127 0.734 0.031 0.035
0 0.287 0.746 0.054 0.03
0 0.273 0.671 0.055 0.07
0 0.347 0.498 0.036 0.043
0 0.386 0.524 0.029 0.078
0 0.394 0.618 0.042 0.056
0 0.661 0.757 0.091 0.119
0 0.603 0.861 0.071 0.075
0 0.404 0.166 0.052 0.085
0 0.656 0.058 0.079 0.1
0 0.481 0.048 0.05 0.042
0 0.062 0.627 0.024 0.031
0 0.055 0.591 0.015 0.023
0 0.026 0.745 0.022 0.036
0 0.031 0.875 0.026 0.028
0 0.24 0.229 0.029 0.033
0 0.202 0.359 0.039 0.079
