0 0.716 0.257 0.2 0.261
0 0.694 0.457 0.119 0.11
0 0.587 0.352 0.057 0.097
0 0.589 0.157 0.034 0.049
0 0.544 0.242 0.055 0.065
0 0.27 0.404 0.081 0.103
0 0.203 0.499 0.034 0.05
0 0.29 0.499 0.045 0.063
0 0.409 0.55 0.023 0.058
0 0.571 0.708 0.049 0.075
0 0.567 0.541 0.071 0.079
0 0.102 0.631 0.042 0.064
0 0.088 0.706 0.041 0.051
0 0.091 0.812 0.048 0.103
0 0.045 0.915 0.029 0.04
0 0.093 0.967 0.034 0.04
0 0.167 0.89 0.041 0.074
0 0.218 0.917 0.048 0.045
0 0.513 0.78 0.076 0.092
0 0.432 0.795 0.063 0.077
0 0.421 0.873 0.032 0.062
0 0.527 0.979 0.047 0.043
0 0.111 0.21 0.045 0.076
0 0.092 0.528 0.035 0.039
0 0.101 0.489 0.037 0.021
0 0.088 0.411 0.034 0.053
0 0.096 0.347 0.024 0.029
0 0.165 0.367 0.023 0.044
0 0.175 0.444 0.02 0.058
0 0.195 0.335 0.015 0.033
0 0.624 0.052 0.043 0.059
