0 0.115 0.083 0.153 0.162
0 0.246 0.019 0.062 0.034
0 0.373 0.137 0.075 0.164
0 0.295 0.183 0.039 0.043
0 0.019 0.159 0.033 0.098
0 0.095 0.563 0.091 0.06
0 0.153 0.921 0.126 0.111
0 0.229 0.792 0.081 0.08
0 0.324 0.705 0.066 0.074
0 0.289 0.95 0.033 0.049
0 0.658 0.431 0.04 0.048
0 0.725 0.519 0.04 0.041
0 0.657 0.234 0.05 0.032
0 0.28 0.573 0.053 0.057
0 0.307 0.461 0.057 0.085
0 0.097 0.793 0.06 0.059
0 0.51 0.75 0.042 0.079
0 0.678 0.833 0.037 0.054
0 0.622 0.961 0.084 0.063
0 0.913 0.029 0.023 0.055
0 0.844 0.04 0.043 0.031
0 0.854 0.095 0.031 0.04
0 0.715 0.095 0.025 0.024
