0 0.562 0.196 0.089 0.08
0 0.464 0.151 0.053 0.037
0 0.426 0.183 0.033 0.033
0 0.332 0.199 0.032 0.046
0 0.321 0.429 0.05 0.051
0 0.264 0.391 0.048 0.051
0 0.334 0.587 0.037 0.04
0 0.33 0.634 0.051 0.035
0 0.323 0.677 0.051 0.027
0 0.258 0.683 0.044 0.04
0 0.312 0.734 0.043 0.043
0 0.32 0.845 0.027 0.02
0 0.317 0.884 0.034 0.035
0 0.278 0.84 0.039 0.032
0 0.579 0.744 0.028 0.03
0 0.53 0.77 0.025 0.057
0 0.479 0.647 0.052 0.078
0 0.453 0.863 0.014 0.034
0 0.587 0.648 0.023 0.048
0 0.587 0.409 0.054 0.044
0 0.439 0.436 0.043 0.055
0 0.511 0.551 0.022 0.021
0 0.436 0.591 0.035 0.024
0 0.442 0.482 0.033 0.024
0 0.481 0.469 0.018 0.017
0 0.603 0.474 0.016 0.023
0 0.604 0.509 0.019 0.022
0 0.643 0.597 0.014 0.017
0 0.239 0.556 0.038 0.026
0 0.308 0.989 0.025 0.022
0 0.285 0.967 0.015 0.021
0 0.308 0.94 0.016 0.018
0 0.267 0.995 0.021 0.007
0 0.046 0.945 0.035 0.089
0 0.037 0.746 0.025 0.032
0 0.046 0.795 0.039 0.039
0 0.043 0.852 0.027 0.023
0 0.012 0.871 0.019 0.025
0 0.007 0.94 0.013 0.012
0 0.01 0.969 0.019 0.017
