0 0.434 0.269 0.106 0.091
0 0.403 0.347 0.028 0.036
0 0.432 0.393 0.027 0.032
0 0.473 0.449 0.04 0.048
0 0.383 0.414 0.018 0.026
0 0.49 0.061 0.066 0.122
0 0.376 0.058 0.062 0.103
0 0.558 0.089 0.064 0.094
0 0.351 0.195 0.068 0.038
0 0.097 0.031 0.072 0.051
0 0.092 0.105 0.057 0.058
0 0.084 0.168 0.08 0.046
0 0.074 0.238 0.018 0.035
0 0.12 0.273 0.061 0.046
0 0.072 0.348 0.05 0.056
0 0.046 0.414 0.027 0.034
0 0.084 0.433 0.028 0.049
0 0.12 0.407 0.03 0.074
0 0.056 0.507 0.083 0.075
0 0.134 0.586 0.059 0.094
0 0.095 0.622 0.134 0.101
0 0.067 0.737 0.037 0.04
0 0.014 0.745 0.027 0.022
0 0.06 0.78 0.033 0.03
0 0.113 0.844 0.028 0.049
0 0.055 0.901 0.031 0.034
0 0.029 0.986 0.033 0.029
0 0.315 0.943 0.053 0.071
0 0.385 0.97 0.033 0.047
0 0.383 0.925 0.023 0.031
0 0.36 0.802 0.02 0.03
0 0.331 0.811 0.021 0.021
0 0.335 0.706 0.03 0.021
0 0.333 0.738 0.023 0.023
0 0.366 0.862 0.026 0.027
0 0.766 0.064 0.069 0.09
0 0.625 0.376 0.018 0.045
0 0.881 0.452 0.178 0.116
0 0.865 0.59 0.096 0.112
0 0.623 0.898 0.026 0.047
0 0.516 0.906 0.019 0.045
0 0.628 0.687 0.032 0.044
0 0.529 0.668 0.026 0.025
0 0.54 0.637 0.022 0.023
0 0.508 0.629 0.021 0.017
0 0.427 0.708 0.021 0.025
