0 0.365 0.276 0.046 0.083
0 0.469 0.223 0.036 0.043
0 0.525 0.129 0.028 0.046
0 0.545 0.22 0.052 0.065
0 0.657 0.299 0.035 0.045
0 0.93 0.237 0.033 0.056
0 0.935 0.142 0.056 0.078
0 0.941 0.619 0.118 0.433
0 0.815 0.495 0.131 0.209
0 0.785 0.717 0.076 0.189
0 0.61 0.52 0.259 0.33
0 0.357 0.543 0.161 0.172
0 0.247 0.357 0.051 0.105
0 0.296 0.335 0.036 0.093
0 0.18 0.456 0.062 0.129
0 0.052 0.875 0.068 0.062
0 0.243 0.868 0.219 0.264
0 0.427 0.803 0.104 0.166
0 0.52 0.834 0.04 0.04
0 0.595 0.767 0.056 0.046
