0 0.625 0.24 0.046 0.077
0 0.721 0.199 0.037 0.045
0 0.775 0.111 0.033 0.036
0 0.79 0.191 0.046 0.063
0 0.893 0.263 0.029 0.046
0 0.734 0.323 0.036 0.043
0 0.773 0.338 0.023 0.041
0 0.72 0.379 0.027 0.042
0 0.758 0.386 0.028 0.052
0 0.733 0.456 0.04 0.059
0 0.893 0.497 0.214 0.241
0 0.353 0.799 0.056 0.085
0 0.545 0.815 0.228 0.285
0 0.707 0.735 0.072 0.178
0 0.784 0.766 0.039 0.043
0 0.855 0.698 0.048 0.059
0 0.093 0.722 0.072 0.1
0 0.172 0.889 0.156 0.168
0 0.118 0.443 0.028 0.053
0 0.021 0.662 0.041 0.131
